256,1
257,2
258,3,5,6
259,7
260,8
261,9
262,10,11,12
263,14,23
264,24,31
265,34,35,36,37,38,40,42,43,45,46,48,49,52,53,54,55,56,57,58,59,60,61,62,63,64,65,66,67,68,69,70
266,71,72,73,74
267,75,76
268,85
269,86
270,87,88,89,90
271,91,92,93,94,95,96,97,98,99,100,101,102,103,104,105,106,107,108,109,110,111,112,113
272,114,116,125
273,137,139,140,141,143,144,146,151,152,153,155,156,158,161,162,163,164,165,168,169,171,172,173,176,177,179,183,184,187,188,189,190,192,193,195,196,197,198
274,199,200,202,203,204,205,206,207,208,209,210,211
275,213,214,215,216,217,218,220,221,222,223,225,227,228
276,229
277,230
278,231,232,234
279,235,236,237,239,240,243,245,247,250,252,253,255,256
280,258,259,262,264,266,269,272,273,274,275,276,280
281,281,292,293,294,302,309,317,318,321,326,330,331,334,340,342
282,343,347
283,357,359,368,369,371
284,373
285,374
286,375,378
287,379,383,386,389,390,392
288,402,403,404,405,406,407,408,413,415,416,417,420,421
289,425,426,430,431,432,433,434,436,437,440,441,442,444,447,448,449,450,451,453,456,457,458,461,463,464,466,467,468,471,473,480,481,484,485,486
290,487,500
291,501,502,505,507,508,509,510,511,512,515
292,517
293,518
294,519,520,522
295,523,527,535
296,546,547,548,549,550,553,554,555,556,557,558,560,561,562,563,565,566,567,568
297,569,571,572,573,574,575,576,577,581,582,584,586,587,589,592,593,594,595,596,597,600,602,603,604,605,606,607,610,612,613,614,616,618,619,620,623,624,625,627,629
298,631,635,637,638,639,642
299,645,646,650,660
300,661
301,662
302,663,664,665
303,667,668,670,672,673,675,676,677,678,679,681,683,685,688
304,690,692,694,695,697,698,699,700,701,702,703,704,705,706,707,710,711,712
305,713,718,747,755,759,764
306,775,777,781,783,785,786
307,789,790,791,793,794,795,797,798,800,801,803,804
308,805
309,806
310,807,808
311,811,812,813,814,815,817,818,819,820,821,822,823,825,826,827,828,831
312,834,837,839,841,846,852,853,854,856
313,857,859,861,864,865,866,867,868,869,870,871,873,874,875,876,877,880,881,883,884,886,887,889,891,892,893,894,895,897,898,900,901,903,904,905,906,910,911,912,913,915,918
314,919,921,923,925,926,927,929,931,932
315,933,935,937,938,939,940,941,942,943,944,945,946,947,948
316,949
317,950
318,951,954
319,955,956,957,958,960,961,964,966,968,970,974,976
320,978,986,989,994,995,1000
321,1001,1002,1004,1005,1006,1007,1010,1011,1014,1015,1016,1017,1018,1021,1022,1024,1025,1027,1028,1029,1030,1031,1032,1033,1034,1035,1036,1037,1038,1039,1040,1041,1042,1044,1046,1047,1048,1050,1051,1052,1053,1054,1055,1056,1057,1058,1060,1061
322,1063,1064,1065,1069,1071,1073,1075,1076
323,1077,1078,1082,1084,1085,1086,1087,1090,1091,1092
324,1093
325,1094
326,1095,1096,1097,1098
327,1099,1101,1103,1105,1106,1107,1108,1110,1111,1112,1115,1116,1117,1118,1119,1120,1121
328,1122,1123,1124,1125,1126,1127,1128,1129,1131,1132,1133,1134,1135,1136,1137,1139,1141,1143
329,1145,1149,1154,1157,1164,1165,1166,1168,1169,1174,1176,1180,1181,1192,1194,1195,1196,1201,1202
330,1207,1208,1209,1210,1212,1216
331,1221,1222,1224,1226,1227,1229,1230,1232,1233,1235,1236
332,1237
333,1238
334,1239,1240,1242
335,1243,1246,1253
336,1266,1267,1268,1270,1272,1275,1277,1280,1282,1283,1284,1285,1286,1287
337,1289,1292,1297,1308,1314,1319,1320,1324,1330,1338,1341,1346
338,1351,1355,1357,1359,1360
339,1365,1366,1367,1368,1369,1370,1371,1372,1373,1374,1375,1376,1377,1379
340,1381
341,1382
342,1383,1384,1385,1386
343,1387,1389,1391,1392,1396,1397,1398,1399,1400,1401,1402,1403,1404,1405,1406,1407,1408,1409
344,1410,1411,1413,1415,1418,1420,1421,1423,1427,1428,1432
345,1433,1434,1436,1437,1438,1440,1441,1442,1443,1444,1445,1446,1448,1450,1455,1456,1457,1458,1459,1460,1463,1464,1465,1467,1469,1471,1473,1475,1476,1478,1480,1481,1482,1483,1487,1489,1494
346,1495,1501,1503,1505,1508
347,1509,1510,1511,1512,1513,1514,1515,1516,1517,1518,1519,1520,1521,1522,1523,1524
348,1525
349,1526
350,1527,1528
351,1531,1532,1533,1534,1536,1537,1538,1539,1540,1542,1544,1545,1546,1547,1549,1550,1551,1552,1553
352,1554,1555,1559,1560,1561,1563,1564
353,1577,1579,1582,1583,1585,1586,1591,1592,1593,1595,1599,1600,1603,1607,1612,1613,1616,1620,1623,1630,1631,1633,1636,1638
354,1639,1641,1642,1644,1648,1649,1651,1652
355,1653,1655,1656,1657,1658,1659,1660,1661,1663,1664,1665,1666,1668
356,1669
357,1670
358,1671,1672,1673
359,1675,1676,1677,1678,1679,1680,1681,1682,1683,1687,1689,1691,1692,1694,1695,1696,1697
360,1698,1701,1702,1705,1712,1715
361,1721,1733,1743,1753,1761,1766,1767,1771,1775,1778,1779,1782
362,1783,1785,1786,1787,1790,1792,1793,1795,1796
363,1797,1799,1802,1803,1805,1806,1810,1811
364,1813
365,1814
366,1815,1817
367,1819,1820,1823,1827,1830,1831,1834,1835,1841
368,1842,1844,1845,1846,1847,1848,1849,1850,1851,1852,1853,1854,1855,1856,1857,1858,1859,1860,1862,1863,1864
369,1865,1873,1876,1878,1888,1902,1905,1924
370,1927,1928,1929,1930,1931,1932,1934,1935,1936,1937,1938,1939,1940
371,1941,1946,1950,1956
372,1957
373,1958
374,1959,1961,1962
375,1963,1964,1968,1971,1972,1973,1974,1975,1978,1979,1980,1985
376,1986,1988
377,2009,2010,2011,2012,2013,2015,2017,2019,2022,2023,2024,2025,2026,2027,2029,2030,2031,2033,2035,2036,2037,2039,2040,2042,2043,2046,2047,2048,2049,2050,2051,2052,2054,2056,2058,2059,2063,2064,2068,2069,2070
378,2071,2072,2073,2074,2075,2076,2077,2078,2079,2080,2081,2082,2083,2084
379,2085,2088,2089,2094,2096,2100
380,2101
381,2102
382,2103,2105
383,2107,2108,2109,2110,2112,2113,2114,2115,2117,2118,2119,2120,2121,2122,2124,2125,2126,2127,2128
384,2130,2131
385,2153,2155,2167,2176,2197,2206
386,2215,2217,2218,2219,2220,2221,2222,2223,2224,2225,2226,2228
387,2229,2230,2231,2232,2233,2235,2236,2237,2238,2239,2240,2241,2242,2243,2244
388,2245
389,2246
390,2247,2248,2249
391,2251,2252,2254,2255,2256,2257,2258,2259,2260,2261,2262,2263,2266,2269,2271,2272,2273
392,2274,2275,2276,2277,2278,2279,2281,2282,2284,2287,2288,2290,2291,2294,2295,2296
393,2297,2299,2312,2316,2322,2340,2349,2352
394,2359,2366,2370
395,2373,2375,2377,2378,2379,2381,2383,2385,2386
396,2389
397,2390
398,2391,2392,2393,2394
399,2395,2396,2397,2399,2403,2405,2409,2411
400,2418,2421,2423,2424,2426,2428,2430,2431,2434,2437,2438,2440
401,2441,2443,2445,2448,2453,2458,2464,2474,2477,2479,2485,2486,2487,2493,2495,2502
402,2503,2506,2507,2508,2509,2510,2511,2512,2513,2514,2515
403,2517,2521
404,2533
405,2534
406,2535,2538
407,2539,2559
408,2562,2563,2564,2566,2567,2571,2572,2573,2576,2577,2579,2580,2581,2582,2583
409,2585,2587,2588,2589,2590,2591,2592,2593,2594,2596,2597,2598,2604,2605,2606,2608,2610,2615,2616,2617,2620,2621,2624,2626,2628,2629,2630,2631,2632,2636,2638,2641,2642,2643,2646
410,2647,2648,2649,2650,2651,2652,2653,2654,2655,2656,2657,2658,2659,2660
411,2661,2662,2663,2664,2665,2667,2669,2670,2671,2672,2673,2674,2676
412,2677
413,2678
414,2679,2680,2681,2682
415,2683,2685,2687,2688,2699,2700,2701,2702,2703
416,2706,2708,2719,2727
417,2729,2730,2731,2732,2735,2736,2738,2739,2740,2741,2742,2743,2744,2745,2746,2747,2748,2749,2750,2751,2752,2753,2754,2755,2756,2757,2758,2759,2762,2763,2764,2765,2766,2768,2770,2771,2773,2774,2775,2776,2777,2778,2779,2780,2781,2782,2783,2784,2785,2786,2787,2788,2789,2790
418,2791,2792,2793,2794,2795,2796,2797,2798,2799,2800,2801,2802,2803,2804
419,2805,2807,2809,2811,2814,2815,2816,2818,2820
420,2821
421,2822
422,2823,2825
423,2827,2828,2829,2830,2831,2832,2833,2834,2835,2836,2837,2838,2839,2840,2841,2844,2845,2846,2847,2848,2849
424,2850,2851,2853,2854,2856,2857,2858,2859,2860,2861,2864,2872
425,2873,2875,2876,2877,2879,2884,2886,2899,2908,2916,2918,2923,2926,2928,2930,2933
426,2935,2936,2937,2938,2939,2940,2941,2942,2943,2944,2945,2946,2947,2948
427,2949,2950,2952,2955,2956,2958,2960,2961
428,2965
429,2966
430,2967,2969,2970
431,2971,2975,2980,2982,2983,2984,2985,2986,2988,2990,2991
432,2994,2998,2999,3000,3001,3003,3004,3005,3007,3008,3009,3010,3011,3012,3013,3014,3015
433,3017,3020,3027,3056,3061
434,3079,3080,3081,3082,3090,3091,3092
435,3093,3094,3095,3096,3097,3098,3099,3100,3103,3106,3107,3108
436,3109
437,3110
438,3111,3112,3113,3114
439,3115,3116,3117,3119,3120,3121,3122,3123,3124,3127,3128,3129,3130,3131,3132,3133,3134,3135,3136,3137
440,3138,3139,3140,3141,3142,3143,3147,3149,3151,3152,3153,3156,3159,3160
441,3161,3162,3164,3165,3166,3167,3168,3169,3170,3171,3172,3173,3174,3175,3176,3179,3180,3181,3182,3183,3184,3185,3186,3187,3188,3189,3190,3192,3193,3194,3195,3196,3197,3198,3201,3202,3203,3204,3205,3206,3207,3208,3209,3210,3211,3212,3213,3214,3215,3217,3218,3220,3221,3222
442,3223,3225,3226,3230,3231,3232,3234,3235
443,3237,3238,3240,3241,3243,3247,3248
444,3253
445,3254
446,3255,3256,3257
447,3259,3262,3264,3266,3269,3270,3271,3276,3277,3278,3279,3280,3281
448,3282,3284,3286,3288,3289,3291,3295,3298,3302
449,3305,3312,3320,3325,3326,3327,3333,3337,3340,3343,3348,3349,3354,3355,3356,3360,3362,3364
450,3367,3372,3376,3379,3380
451,3381,3382,3383,3385,3386,3388,3390,3391,3394,3396
452,3397
453,3398
454,3399,3400,3401,3402
455,3403,3404,3405,3406,3407,3408,3409,3410,3412,3413,3414,3415,3416,3417,3418,3419,3420,3421,3422,3424,3425
456,3426,3427,3428,3429,3430,3431,3432,3433,3434,3435,3436,3439,3440,3442,3443,3444,3445,3446,3447
457,3449,3487,3501,3502,3505
458,3511,3512,3514,3515,3516,3518,3520,3521,3522,3523
459,3525,3526,3528,3529,3531,3532,3533,3535,3536,3539,3540
460,3541
461,3542
462,3543,3544
463,3547,3548,3550,3551,3555,3560,3562,3563,3566,3567,3568,3569
464,3570,3573,3574,3577,3578,3579,3582,3584,3586,3587,3588,3589,3591
465,3593,3595,3596,3597,3598,3599,3602,3604,3606,3607,3609,3611,3612,3614,3615,3619,3620,3621,3622,3623,3624,3625,3627,3628,3629,3632,3634,3635,3636,3637,3638,3639,3641,3642,3643,3647,3649,3650,3651,3653
466,3655,3656,3661,3662,3665
467,3669,3671,3677,3679
468,3685
469,3686
470,3687,3690
471,3691,3692,3698
472,3714,3717,3725,3726,3729,3732,3734
473,3737,3741,3768,3792
474,3799,3804,3806
475,3813,3814,3815,3816,3818,3820,3821,3822,3823,3824,3825,3826,3827
476,3829
477,3830
478,3831,3834
479,3835,3837,3839,3840,3842,3843,3845,3846,3847,3848,3849,3852,3853,3855,3856
480,3858,3871,3873,3875,3878
481,3881,3882,3883,3884,3885,3886,3887,3888,3889,3890,3891,3893,3894,3895,3896,3897,3898,3899,3900,3901,3902,3903,3904,3905,3907,3908,3909,3910,3911,3912,3914,3916,3917,3918,3919,3922,3925,3926,3927,3928,3930,3931,3932,3933,3936,3937,3938,3939,3942
482,3943,3944,3945,3947,3948,3950,3952,3953,3954,3955,3956
483,3957,3960,3962,3966
484,3973
485,3974
486,3975,3976
487,3979,3981,3983,3984,3985,3986,3989,3990,3994,3996,3997,3998,4001
488,4002,4004,4005,4006,4007,4010,4011,4012,4018,4019,4020,4022
489,4025,4026,4027,4028,4029,4030,4031,4032,4033,4034,4035,4036,4038,4039,4040,4041,4042,4043,4044,4045,4046,4047,4049,4052,4054,4055,4057,4059,4060,4063,4064,4065,4066,4067,4068,4069,4070,4071,4072,4073,4074,4076,4079,4080,4081,4082,4085,4086
490,4087,4088,4091,4093,4094,4095,4096,4097,4098,4099,4100
491,4101,4102,4104,4106,4108,4110,4112,4113,4114,4116
492,4117
493,4118
494,4119,4121
495,4123,4127,4132,4135,4140
496,4146,4147,4148,4149,4150,4151,4152,4153,4154,4156,4157,4158,4159,4160,4161,4162,4163,4164,4165,4166,4167,4168
497,4169,4171,4172,4173,4176,4179,4180,4181,4183,4185,4186,4187,4192,4193,4194,4195,4196,4199,4202,4208,4209,4210,4211,4213,4218,4219,4225,4226,4228
498,4231,4233,4234,4235,4236,4238,4240
499,4245,4246,4247,4248,4249,4250,4251,4252,4253,4254,4255,4256,4257,4258,4259,4260
500,4261
501,4262
502,4263,4264,4265
503,4267,4268,4269,4270,4271,4272,4273,4275,4277,4278,4279,4280,4281,4282,4283,4284,4285,4286,4287,4288,4289
504,4290,4292,4293,4295,4297,4298,4299,4304,4305,4307,4310,4311,4312
505,4313,4337
506,4375,4376,4378,4380,4381,4383,4385,4386,4387,4388
507,4389,4390,4391,4395,4396,4397,4399,4400,4401
508,4405
509,4406
510,4407,4408,4409
511,4411,4412,4413,4414,4415,4416,4419,4421,4423,4425,4426,4432
512,4434,4437,4444,4449,4450
513,4457,4461,4463,4465,4466,4470,4471,4473,4476,4477,4479,4483,4485,4490,4498,4500,4503,4505,4508,4509,4514,4515
514,4519,4520,4521,4523,4526,4527,4528,4529,4530,4531,4532
515,4533,4536,4546
516,4549
517,4550
518,4551,4553,4554
519,4555,4556,4569,4572
520,4578,4583,4587,4591,4593,4594,4595,4597
521,4601,4602,4603,4604,4605,4606,4607,4608,4609,4610,4611,4613,4614,4615,4616,4617,4618,4619,4620,4621,4622,4623,4624,4625,4628,4629,4630,4631,4635,4637,4638,4639,4640,4641,4643,4646,4647,4648,4649,4650,4651,4652,4654,4655,4656,4657,4658,4659,4660,4661
522,4663,4664,4665,4666,4667,4668,4669,4670,4671,4672,4673,4674,4675,4676
523,4677,4678,4679,4680,4681,4682,4684,4685,4686,4687,4688,4689,4690,4691,4692
524,4693
525,4694
526,4695,4696,4697
527,4699,4705,4706,4707,4708,4709,4710,4711,4712,4713,4714,4715,4716,4718,4719,4720,4721
528,4722,4723,4725,4726,4727,4728,4729,4730,4731,4732,4733,4734,4735,4736,4737,4738,4739,4740,4741,4742,4743,4744
529,4745,4746,4749,4752,4756,4760,4762,4763,4765,4770,4774,4776,4777,4778,4782,4785,4786,4787,4788,4789,4790,4791,4792,4793,4794,4796,4797,4798,4801,4802,4804,4805,4806
530,4807,4810,4811,4815,4816,4818,4820
531,4821,4823,4825,4826,4827,4828,4829,4830,4832,4835
532,4837
533,4838
534,4839,4840,4841,4842
535,4843,4852,4854
536,4866
537,4889,4891,4892,4895,4896,4897,4898,4900,4902,4903,4904,4906,4907,4908,4909,4910,4911,4912,4913,4914,4915,4916,4917,4918,4919,4921,4922,4923,4924,4925,4926,4927,4928,4929,4933,4934,4938,4939,4941,4943,4946,4947,4948,4949
538,4951,4952,4954,4955,4956,4957,4958,4959,4960,4962,4963,4964
539,4965,4976,4978,4979,4980
540,4981
541,4982
542,4983,4984,4985,4986
543,4987,4990,4991,4994,4998,4999,5000,5001,5002,5003,5004,5005,5006
544,5010,5011,5012,5014,5015,5016,5018,5019,5020,5021,5022,5023,5025,5026,5027,5029,5030,5031,5032
545,5033,5058,5059,5060,5067,5070,5073,5084,5085,5090,5091
546,5095,5096,5097,5099,5100,5101,5102,5103,5104,5105,5106,5107
547,5109,5115,5123,5124
548,5125
549,5126
550,5127,5128,5129,5130
551,5131,5133,5140,5144,5148
552,5154,5155,5156,5157,5158,5159,5161,5162,5163,5164,5168,5171,5172,5173,5174,5175,5176
553,5177,5180,5186,5189,5190,5194,5196,5198,5201,5202,5203,5209,5210,5215,5218,5219,5222,5223,5227,5231,5232,5234,5236,5238
554,5239,5240,5241,5242,5243,5244,5245,5246,5247,5248,5249,5250,5251,5252
555,5253,5254,5255,5256,5257,5259,5260,5261,5262,5263,5264,5265,5266,5267,5268
556,5269
557,5270
558,5271,5273,5274
559,5275,5276,5277,5278,5279,5280,5282,5283,5284,5285,5286,5287,5288,5289,5290,5291,5292,5293,5294,5295,5296,5297
560,5298,5299,5300,5301,5302,5303,5304,5305,5306,5307,5308,5309,5310,5311,5312,5313,5314,5316,5317,5319,5320
561,5321,5322,5324,5325,5326,5327,5334,5339,5340,5341,5343,5345,5351,5352,5353,5354,5357,5358,5359,5361,5364,5367,5368,5371,5372,5373,5374,5375,5378,5379,5380,5381
562,5383,5384,5385,5386,5387,5388,5389,5390,5391,5392,5393,5394,5395,5396
563,5397,5398,5403
564,5413
565,5414
566,5415,5418
567,5419,5425,5428,5430,5437
568,5442,5443,5446,5450,5452,5453,5454,5458,5459,5461,5462,5463
569,5465,5467,5468,5469,5472,5475,5476,5477,5478,5480,5482,5484,5485,5486,5487,5488,5489,5490,5491,5492,5495,5496,5498,5499,5500,5501,5502,5504,5505,5509,5510,5515,5516,5517,5518,5519,5522,5523,5524,5525,5526
570,5527,5528,5529,5530,5531,5532,5533,5534,5535,5536,5537,5540
571,5541,5542,5543,5544,5547,5548,5549,5552,5553,5554,5555,5556
572,5557
573,5558
574,5559,5560,5561,5562
575,5563,5567,5568,5572,5580,5582
576,5586,5587,5588,5589,5590,5591,5592,5593,5594,5595,5596,5597,5598,5600,5601,5602,5603,5604,5605,5606,5607,5608
577,5609,5611,5612,5617,5618,5620,5621,5622,5623,5624,5626,5627,5628,5630,5631,5632,5634,5635,5636,5639,5641,5647,5651,5652,5653,5654,5658,5660,5662,5663,5665,5667
578,5671,5679
579,5685,5686,5687,5688,5689,5690,5691,5692,5693,5694,5695,5696,5697,5698,5699,5700
580,5701
581,5702
582,5703,5704
583,5707,5708,5710,5716,5728
584,5730,5731,5732,5736,5738,5739,5740,5743,5745,5747,5748,5750,5751
585,5753,5754,5755,5756,5757,5759,5761,5763,5765,5767,5768,5769,5770,5771,5772,5773,5774,5778,5781,5783,5784,5785,5786,5787,5788,5790,5792,5793,5795,5797,5798,5799,5800,5802,5803,5804,5805,5806,5807,5808,5809,5810,5811,5812,5813
586,5815,5817,5818,5820,5821,5822,5825
587,5829,5833,5840,5843
588,5845
589,5846
590,5847,5848,5850
591,5851,5852,5853,5854,5855,5857,5858,5859,5860,5861,5862,5863,5864,5865,5866,5867,5868,5869,5870,5871,5872
592,5874,5875,5878,5883,5884,5885,5886,5889,5890,5891,5892,5894
593,5897,5898,5899,5901,5903,5904,5905,5906,5907,5912,5914,5916,5920,5921,5925,5927,5930,5932,5933,5934,5937,5940,5943,5944,5945,5948,5950,5958
594,5959,5960,5961,5962,5965,5966,5967,5969,5970,5971,5972
595,5973,5975,5977,5978,5980,5982,5983,5984,5985,5986,5987,5988
596,5989
597,5990
598,5991,5993,5994
599,5995,5999,6000,6001,6004,6005,6006,6008,6009,6011,6012,6013,6016
600,6018,6019,6021,6023,6024,6025,6028,6029,6031,6034,6035,6039,6040
601,6041,6046,6055,6061,6064,6078,6081,6082,6086,6088,6089,6091,6093,6094,6095,6097,6098,6101
602,6103,6104,6105,6107,6109,6110,6111,6112,6113,6114,6115,6116
603,6117,6118,6120,6121,6122,6123,6124,6125,6126,6127,6128,6129,6130,6131,6132
604,6133
605,6134
606,6135,6136
607,6139,6143,6148,6150,6154,6158,6159
608,6162,6164,6173,6177,6180,6181
609,6185,6197,6202,6208,6211,6212,6216,6221,6227,6228
610,6247,6248,6249,6250,6251,6252,6253,6254,6255,6256,6257,6258,6259,6260
611,6261,6263,6264,6266,6267,6268,6269,6270,6271,6273,6274,6275,6276
612,6277
613,6278
614,6279,6282
615,6283,6291,6293
616,6306,6311,6315,6316,6319,6327
617,6329,6330,6331,6332,6333,6334,6336,6338,6339,6340,6341,6342,6343,6344,6345,6346,6347,6348,6349,6351,6352,6353,6355,6357,6358,6359,6360,6361,6363,6364,6365,6367,6368,6369,6371,6372,6373,6374,6375,6376,6378,6381,6384,6385,6386,6388,6390
618,6391,6392,6394,6395,6402
619,6405,6406,6408,6410,6412,6413,6415,6419,6420
620,6421
621,6422
622,6423,6425,6426
623,6427,6428,6429,6430,6431,6432,6435,6436,6437,6438,6439,6440,6441,6442,6444,6445,6446,6447,6448
624,6450,6454,6455,6458,6459,6460,6461,6462,6465,6466
625,6473,6475,6476,6478,6479,6480,6481,6482,6484,6485,6486,6487,6488,6491,6492,6493,6494,6498,6500,6501,6504,6507,6508,6509,6511,6512,6513,6518,6519,6524,6526,6527,6530,6532,6534
626,6535,6536,6539,6540,6548
627,6549,6558,6562
628,6565
629,6566
630,6567,6568,6570
631,6571,6572,6574,6575,6576,6577,6578,6579,6580,6581,6582,6583,6584,6585,6586,6587,6588,6589,6590,6591,6592,6593
632,6594,6598,6602,6603,6607,6611,6616
633,6617,6618,6621,6623,6626,6629,6637,6639,6643,6648,6652,6658,6661
634,6679,6684,6692
635,6693,6695,6705,6708
636,6709
637,6710
638,6711,6714
639,6715,6716,6719,6720,6721,6722,6723,6724,6726,6728,6732,6733,6735
640,6738,6739,6740,6742,6743,6744,6746,6747,6753,6754,6759
641,6761,6763,6777,6782
642,6823,6828,6830
643,6837,6838,6839,6840,6841,6842,6843,6844,6845,6846,6847,6848,6849,6850,6851,6852
644,6853
645,6854
646,6855,6857
647,6859,6869,6877,6879
648,6882,6891,6896,6899
649,6905,6906,6907,6908,6909,6910,6911,6913,6914,6915,6916,6917,6918,6919,6920,6921,6922,6923,6924,6925,6926,6927,6928,6929,6930,6931,6932,6933,6934,6935,6936,6937,6938,6939,6940,6941,6942,6943,6944,6945,6946,6947,6948,6949,6950,6951,6952,6953,6954,6955,6956,6957,6958,6959,6960,6961,6962,6963,6964,6965,6966
650,6967,6968,6971,6972
651,6981,6982,6984,6986,6987,6988,6989,6990,6991,6992,6993,6994,6995,6996
652,6997
653,6998
654,6999,7000,7001,7002
655,7003,7004,7005,7006,7007,7008,7009,7010,7011,7012,7013,7014,7015,7016,7017,7018,7019,7020,7021,7022,7023,7024,7025
656,7026,7028,7029,7032,7037,7042,7044,7048
657,7049,7055,7057,7069,7076,7079,7082,7085,7087,7092,7093,7094,7096,7104,7105,7106
658,7111,7112,7113,7114,7115,7116,7117,7118,7119,7120,7121,7122,7124
659,7125,7126,7127,7129,7139,7140
660,7141
661,7142
662,7143,7146
663,7147,7148,7149,7150,7151,7152,7153,7154,7155,7156,7158,7159,7160,7161,7162,7163,7165,7166,7167,7168,7169
664,7170,7173,7174,7177,7178,7179,7181,7185,7186,7187,7188,7189,7190,7192
665,7193,7195,7199,7201,7202,7203,7204,7208,7209,7210,7211,7212,7213,7214,7215,7217,7218,7221,7222,7224,7226,7228,7230,7232,7233,7234,7235,7236,7237,7239,7240,7241,7242,7243,7245,7246,7247,7248,7249,7250,7251,7252,7254
666,7255,7257,7260,7261,7262,7264,7267
667,7269,7272,7273,7274,7275,7277,7278,7280,7281,7282,7283,7284
668,7285
669,7286
670,7287,7288,7289,7290
671,7291,7292,7293,7294,7297,7300,7301,7302,7304,7307,7309,7313
672,7314,7316,7317,7318,7319,7320,7321,7322,7323,7325,7326,7327,7329,7330,7331,7332,7334,7335,7336
673,7337,7338,7339,7340,7341,7342,7343,7344,7345,7346,7347,7348,7349,7350,7351,7352,7353,7354,7355,7356,7357,7358,7360,7361,7362,7363,7364,7366,7367,7368,7369,7370,7371,7372,7373,7374,7375,7376,7377,7379,7380,7381,7382,7383,7384,7386,7387,7391,7392,7393,7394,7395,7396,7397
674,7399,7400,7401,7404,7405,7406,7408,7409,7410,7411,7412
675,7413,7414,7415,7416,7417,7418,7419,7420,7421,7423,7424,7425,7426,7427,7428
676,7429
677,7430
678,7431,7432
679,7435,7438,7440,7441,7442,7443,7444,7445,7446,7448,7449,7451,7452,7455,7456
680,7458,7459,7460,7461,7465,7468,7470,7472,7476,7477
681,7481,7485,7487,7488,7489,7490,7491,7492,7493,7494,7495,7496,7497,7498,7499,7500,7501,7502,7503,7504,7505,7506,7507,7508,7509,7510,7511,7512,7513,7514,7515,7516,7517,7518,7519,7520,7521,7522,7523,7524,7525,7527,7528,7529,7530,7531,7532,7533,7534,7535,7536,7537,7538,7539,7541,7542
682,7543,7544,7545,7547,7548,7549,7550,7551,7552,7553,7554,7555,7556
683,7557,7559,7561,7563,7565,7567,7568,7569,7570
684,7573
685,7574
686,7575,7576,7577,7578
687,7579,7580,7581,7582,7583,7584,7585,7586,7588,7592,7593,7594,7598,7599,7601
688,7602,7607,7608,7609,7610,7615,7616,7618,7620,7621,7622,7623,7624
689,7625,7626,7627,7630,7631,7632,7633,7634,7635,7638,7640,7641,7642,7643,7644,7646,7647,7648,7652,7653,7654,7655,7656,7657,7658,7659,7661,7662,7663,7664,7665,7666,7667,7668,7670,7671,7672,7673,7674,7675,7676,7677,7678,7679,7680,7681,7682,7683,7684,7685,7686
690,7687,7690
691,7701,7702,7703,7704,7705,7706,7707,7708,7709,7710,7711,7712,7713,7714,7715,7716
692,7717
693,7718
694,7719,7720,7721,7722
695,7723,7724,7727,7728,7729,7731,7732,7733,7735,7736,7738,7739,7740,7744,7745
696,7746,7759
697,7769,7771,7772,7789,7790,7800,7803,7807,7814,7821,7824,7828
698,7831,7832,7839,7841,7842,7843,7844
699,7845,7846,7847,7849,7850,7851,7853,7854,7855,7856,7857,7858,7860
700,7861
701,7862
702,7863,7865,7866
703,7867,7869,7870,7871,7872,7873,7874,7875,7876,7877,7878,7879,7880,7882,7883,7885,7886,7887,7888,7889
704,7890,7891,7892,7893,7897,7898,7899,7900,7905,7906,7907,7908,7909,7910,7912
705,7913,7937,7939,7940,7943,7944,7949,7963,7969
706,7975,7976,7978,7979,7982,7983,7984,7986,7987,7988
707,7989,7991,7994,7996,7998,7999
708,8005
709,8006
710,8007,8009
711,8011,8012,8013,8014,8015,8017,8020,8023,8024,8026,8028,8030,8031
712,8034,8041,8047,8054,8055,8056
713,8057,8058,8059,8061,8062,8064,8065,8066,8067,8068,8070,8071,8072,8074,8076,8078,8079,8080,8081,8082,8083,8085,8086,8087,8088,8089,8090,8091,8092,8093,8094,8096,8097,8098,8100,8101,8102,8103,8104,8105,8107,8110,8111,8112,8113,8114,8115,8116,8117,8118
714,8119,8120,8125,8131
715,8133,8135,8136,8137,8138,8140,8144,8145,8147
716,8149
717,8150
718,8151,8152
719,8155,8157,8158,8159,8160,8163,8169,8170,8172,8173,8176,8177
720,8178,8179,8181,8183,8185,8189,8192,8193,8194,8196,8198,8199,8200
721,8201,8207,8208,8209,8210,8213,8214,8221,8232,8235,8237,8240,8241,8244,8245,8247,8248,8249,8250,8255,8261
722,8263,8267,8270,8271
723,8277,8278,8279,8282,8283,8285,8286,8288,8289,8291,8292
724,8293
725,8294
726,8295,8296,8297,8298
727,8299,8300,8303,8306,8310,8312,8313,8317,8318
728,8322,8323,8325,8326,8327,8328,8329,8330,8332,8334,8335,8336,8337,8338,8339,8340,8341,8342,8343,8344
729,8345,8346,8349,8350,8354,8355,8356,8358,8360,8367,8368,8373,8375,8376,8377,8378,8379,8380,8381,8382,8383,8384,8386,8389,8390,8391,8392,8394,8396,8397,8398,8401,8402,8403,8404,8405
730,8407,8409,8411,8412,8413,8414,8415,8416,8417,8418,8419
731,8421,8422,8423,8424,8425,8426,8427,8428,8429,8430,8431,8432,8434,8435,8436
732,8437
733,8438
734,8439,8442
735,8443,8444,8447,8449,8450,8452,8454,8455,8456,8458,8459,8460,8461,8462,8463,8464,8465
736,8466,8468,8470,8471,8473,8474,8475,8476,8484,8488
737,8489,8491,8496,8497,8499,8500,8502,8504,8506,8507,8508,8510,8511,8512,8515,8516,8517,8518,8519,8520,8522,8523,8524,8525,8527,8528,8529,8531,8533,8534,8537,8539,8540,8542,8543,8547,8550
738,8551,8552,8554,8555,8556,8558,8560,8563
739,8565,8567,8568,8570,8572,8575,8578,8579
740,8581
741,8582
742,8583,8584,8585,8586
743,8587,8588,8590,8591,8592,8593,8594,8595,8597,8599,8601,8602,8603,8604,8605,8606,8607,8608,8609
744,8610,8612,8613,8617,8618,8620,8621,8623,8624,8625,8626,8627,8628,8630,8632
745,8633,8646,8666,8669,8689,8692
746,8695,8702
747,8709,8711,8712,8714,8715,8716,8717,8718,8719,8720,8721
748,8725
749,8726
750,8727,8728,8729,8730
751,8731,8735,8737,8741,8743,8749,8752
752,8754,8757,8759,8760,8761,8764,8765,8767,8771,8773,8774,8775,8776
753,8777,8779,8782,8783,8787,8788,8792,8793,8794,8795,8798,8800,8802,8804,8805,8806,8807,8809,8810,8812,8813,8815,8817,8819,8820,8822,8825,8826,8828,8831,8835,8837,8838
754,8839,8842
755,8853,8855,8857,8858,8859,8862,8866,8867,8868
756,8869
757,8870
758,8871,8873
759,8875,8876,8884,8885,8887,8889,8894
760,8898,8899,8902,8903,8904,8906,8908,8909,8910,8911,8912,8913,8914,8915,8916,8918,8919
761,8921,8922,8927,8932,8942,8948,8951,8952,8953,8957,8958,8959,8963,8970,8972,8980
762,8983,8984,8985,8986,8987,8990,8994,8995,8996
763,8997,8999,9002,9004,9005,9006,9007,9010
764,9013
765,9014
766,9015,9016,9017,9018
767,9019,9022,9023,9025,9026,9027,9028,9029,9032,9033,9038,9039,9041
768,9042,9053
769,9065,9066,9068,9069,9072,9073,9075,9077,9078,9079,9080,9081,9082,9084,9085,9086,9087,9089,9090,9091,9092,9093,9094,9096,9097,9098,9099,9100,9102,9105,9106,9108,9111,9112,9113,9114,9115,9116,9117,9118,9119,9121,9123,9124,9125,9126
770,9127,9128,9129,9133,9134,9137,9139
771,9141,9143,9144,9148,9151,9152,9154,9155,9156
772,9157
773,9158
774,9159,9160,9161,9162
775,9163,9164,9165,9166,9167,9168,9169,9170,9171,9172,9173,9174,9175,9176,9178,9179,9180,9181,9182,9183,9184
776,9186,9187,9195,9196,9198,9200,9203,9206,9207,9208
777,9209,9210,9211,9212,9213,9214,9215,9216,9217,9218,9219,9220,9221,9222,9223,9225,9226,9227,9228,9230,9231,9232,9233,9234,9235,9237,9238,9239,9241,9243,9244,9245,9246,9247,9248,9249,9250,9251,9252,9253,9254,9255,9256,9257,9258,9259,9260,9261,9262,9263,9264,9265,9266,9267,9268,9269,9270
778,9271,9274,9275,9280,9281
779,9285,9290
780,9301
781,9302
782,9303,9304
783,9307,9308,9323,9325,9326
784,9330,9333,9334,9336,9338,9340,9341,9342,9343,9344,9345,9346,9347,9349,9350,9352
785,9353,9354,9355,9356,9357,9359,9360,9361,9362,9363,9364,9366,9367,9368,9369,9371,9373,9377,9378,9380,9381,9382,9383,9384,9387,9388,9389,9390,9391,9392,9394,9395,9396,9397,9401,9402,9404,9407,9408,9409,9410,9414
786,9415,9416,9420,9428
787,9429,9430,9431,9432,9433,9436,9437,9438,9441,9442,9444
788,9445
789,9446
790,9447,9450
791,9451,9452,9459,9461,9463,9466,9467,9468,9472
792,9474,9475,9476,9478,9479,9480,9481,9482,9483,9485,9486,9487,9490,9491,9492,9493,9494,9495,9496
793,9497,9498,9499,9501,9502,9503,9504,9505,9506,9508,9509,9510,9511,9512,9513,9514,9515,9516,9517,9520,9521,9522,9523,9524,9526,9527,9528,9529,9531,9533,9536,9537,9538,9539,9540,9541,9542,9543,9544,9546,9547,9548,9549,9550,9553,9555,9556,9558
794,9559,9570
795,9573,9574,9575,9576,9577,9578,9580,9582,9583,9584,9585
796,9589
797,9590
798,9591,9592,9593,9594
799,9595,9596,9598,9599,9600,9601,9602,9603,9604,9605,9606,9607,9608,9609,9610,9611,9612,9613,9614,9615,9616,9617
800,9618,9619,9620,9622,9623,9624,9625,9626,9627,9628,9630,9631,9632,9633,9634,9635,9636,9637,9639,9640
801,9641,9642,9644,9645,9646,9648,9649,9650,9651,9652,9653,9655,9656,9657,9658,9661,9662,9663,9664,9665,9666,9667,9669,9672,9675,9676,9677,9678,9679,9680,9681,9682,9683,9684,9685,9686,9687,9688,9689,9690,9692,9695,9696,9697,9698,9699,9700,9701,9702
802,9703,9705,9706,9707,9709,9710,9711,9712,9713,9714,9715,9716
803,9717,9718,9719,9721,9726,9728,9729,9731
804,9733
805,9734
806,9735,9736,9737
807,9739,9741,9743,9744,9745,9746,9747,9748,9749,9750,9751,9752,9753,9754,9757,9758,9759,9760,9761
808,9762,9763,9764,9765,9766,9768,9769,9770,9771,9772,9774,9775,9776,9777,9778,9779,9781,9782,9783,9784
809,9785,9795,9798,9807,9808,9809,9813,9814,9821,9825,9832,9838,9839,9840,9844,9845
810,9847,9848,9849,9850,9851,9852,9853,9855,9857,9858,9859
811,9861,9862,9863,9864,9865,9866,9867,9868,9869,9870,9871,9872,9873,9874,9875,9876
812,9877
813,9878
814,9879,9880
815,9883,9884,9885,9886,9887,9888,9889,9890,9891,9892,9894,9895,9896,9898,9900,9903,9904,9905
816,9906,9907,9908,9909,9910,9911,9912,9913,9914,9915,9916,9917,9918,9919,9920,9921,9922,9923,9924,9926,9927,9928
817,9929,9934,9935,9940,9942,9944,9945,9953,9955,9956,9957,9959,9973,9980,9984,9990
818,9991,9992,9993,9994,9995,9996,9998,10000,10001,10002,10003,10004
819,10005,10006,10007,10008,10010,10011,10012,10013,10014,10015,10016,10017,10018,10019,10020
820,10021
821,10022
822,10023
823,10027,10028,10029,10030,10031,10032,10033,10034,10035,10036,10037,10038,10039,10040,10041,10042,10043,10044,10045,10046,10047,10048,10049
824,10050,10051,10052,10053,10054,10055,10056,10057,10058,10059,10060,10061,10062,10063,10064,10065,10066,10067,10068,10069,10070,10071,10072
825,10073,10080,10090
826,10135,10136,10137,10138,10140,10142,10143,10146,10147,10148
827,10149,10150,10151,10152,10153,10154,10155,10157,10158,10159,10160,10161,10162,10163
828,10165
829,10166
830,10167,10168
831,10171,10172,10173,10175,10177,10178,10179,10180,10181,10182,10183,10184,10185,10186,10187,10188,10190,10191,10192,10193
832,10194,10195,10197,10198,10199,10200,10201,10202,10203,10204,10205,10207,10209,10210,10212,10214
833,10217,10220,10221,10228,10230,10237,10246,10257,10275
834,10279,10280,10281,10282,10283,10284,10285,10286,10288,10289,10290,10291,10292
835,10293,10295,10303,10308
836,10309
837,10310
838,10311,10313,10314
839,10315,10316,10317,10318,10319,10320,10321,10322,10323,10324,10325,10326,10327,10329,10330,10331,10332,10333,10334,10335,10336,10337
840,10338,10339,10342,10345,10351,10353,10354,10355,10356,10359
841,10361,10362,10363,10365,10366,10368,10369,10370,10372,10373,10374,10375,10376,10377,10378,10380,10381,10382,10383,10385,10387,10388,10389,10390,10392,10394,10395,10396,10397,10398,10399,10401,10403,10405,10406,10407,10408,10409,10410,10411,10412,10414,10415,10416,10417,10418,10419,10420,10421,10422
842,10423,10424,10425,10426,10428,10432,10434,10435,10436
843,10437,10440,10447,10449,10451
844,10453
845,10454
846,10455,10457,10458
847,10459,10462,10463,10464,10465,10466,10467,10468,10469,10470,10472,10475,10476,10477,10478,10480
848,10482,10483,10484,10485,10486,10487,10489,10490,10492,10493,10494,10495,10496,10497,10498,10499,10500,10501,10502,10503
849,10505,10508,10510,10511,10515,10517,10518,10519,10520,10522,10524,10528,10529,10531,10535,10536,10537,10541,10543,10547,10554,10558,10559,10560,10561,10562,10563,10564
850,10567,10571,10578
851,10581,10582,10583,10584,10585,10587,10588,10589,10590,10591,10592,10593,10595,10596
852,10597
853,10598
854,10599,10601
855,10603,10604,10606,10607,10610,10611,10612,10616,10617,10618,10619,10621,10622
856,10626,10633,10641,10643,10645
857,10649,10650,10651,10652,10653,10654,10655,10656,10657,10658,10659,10660,10661,10662,10663,10664,10665,10666,10668,10669,10670,10671,10672,10673,10674,10675,10676,10677,10678,10679,10680,10681,10682,10683,10684,10685,10687,10688,10689,10690,10691,10692,10693,10694,10695,10696,10697,10698,10699,10700,10701,10702,10703,10704,10705,10706,10707,10708,10709,10710
858,10711,10712
859,10725,10726,10727,10728,10730,10732,10733,10734,10735,10736,10737,10738,10740
860,10741
861,10742
862,10743,10745,10746
863,10747,10748,10749,10750,10751,10752,10753,10754,10756,10757,10758,10759,10760,10761,10763,10764,10765,10766,10767,10769
864,10770,10780
865,10793,10794,10795,10796,10797,10798,10800,10801,10802,10803,10804,10805,10806,10807,10808,10809,10810,10811,10812,10813,10814,10815,10816,10817,10818,10819,10820,10821,10822,10823,10824,10825,10826,10827,10828,10829,10830,10831,10832,10833,10834,10835,10836,10837,10838,10839,10840,10841,10842,10843,10844,10845,10846,10849,10850,10851,10852,10853,10854
866,10855,10856,10857,10858,10859,10860,10864,10865,10867,10868
867,10869,10870
868,10885
869,10886
870,10887,10888
871,10891,10892,10893,10894,10895,10896,10897,10898,10899,10901,10902,10903,10904,10905,10906,10907,10908,10909,10910,10911,10912,10913
872,10914,10915,10916,10919,10922,10923,10927
873,10937,10944,10945,10946,10947,10948,10952,10955,10956,10958,10960,10962,10963,10967,10968,10969,10970,10971,10975,10978,10980,10984,10996,10998
874,10999,11000,11001,11004,11006,11007,11009,11010
875,11013,11015,11017,11018,11020,11022,11023,11024,11025,11026,11027
876,11029
877,11030
878,11031,11032
879,11035,11036,11039,11040,11043,11044,11045,11047,11048,11049,11051,11052,11053,11054,11055,11057
880,11058,11059,11060,11062,11065,11066,11067,11068,11071,11072,11074,11075,11076,11077,11078,11079,11080
881,11081,11086,11093,11098,11112,11117,11119,11126
882,11143,11144,11145,11146,11151,11152,11153,11154,11155,11156
883,11157,11158,11163,11165,11167,11169,11170,11171
884,11173
885,11174
886,11175,11178
887,11179,11180
888,11202,11203,11204,11205,11206,11207,11208,11209,11210,11211,11212,11213,11214,11215,11216,11217,11219,11220,11221,11222,11223,11224
889,11225,11226,11227,11228,11229,11230,11231,11232,11233,11234,11235,11236,11237,11238,11239,11240,11241,11242,11243,11244,11245,11246,11247,11248,11249,11250,11251,11252,11253,11254,11255,11256,11257,11258,11259,11260,11261,11262,11263,11265,11266,11267,11268,11269,11270,11272,11273,11275,11276,11277,11278,11279,11280,11282,11283,11284,11285,11286
890,11287,11288,11289,11291,11292,11298,11299
891,11301,11303,11307,11309,11310,11312,11316
892,11317
893,11318
894,11319,11320,11321
895,11323,11341
896,11346,11348,11352,11354,11360,11365,11366,11368
897,11369,11377,11386,11388,11391,11394,11397,11400,11406,11408,11415,11416,11420,11421,11426,11428,11429
898,11431,11436,11437,11440
899,11445,11446,11447,11448,11450,11453,11455,11457,11459
900,11461
901,11462
902,11463,11464,11466
903,11467,11468,11471,11472,11473,11474,11475,11476,11479,11480,11482,11483,11484,11487
904,11490,11491,11492,11493,11502,11504
905,11513,11514,11515,11516,11517,11518,11519,11520,11526,11527,11528,11529,11531,11532,11533,11534,11536,11537,11538,11539,11542,11544,11545,11548,11549,11551,11552,11554,11556,11557,11558,11559,11560,11561,11562,11563,11564,11565,11570,11571,11573,11574
906,11575,11576,11578,11579,11580,11581,11582,11584,11585,11586,11587,11588
907,11589,11593,11596,11597,11599,11601,11602
908,11605
909,11606
910,11607,11608,11609,11610
911,11611,11612,11613,11615,11616,11619,11620,11621,11622,11624,11625,11626,11629,11630,11631,11632,11633
912,11634,11635,11638,11640,11641,11642,11643,11644,11645,11649,11650,11651,11652,11653,11654,11655,11656
913,11657,11665,11681,11682,11685,11690,11697,11700,11702,11706,11709
914,11719,11720,11721,11723,11724,11725,11728,11729,11730,11731
915,11733,11741,11746,11747
916,11749
917,11750
918,11751,11752,11753
919,11755,11761
920,11778,11780,11781,11783,11784,11786,11787,11788,11789,11790,11792,11793,11796,11797,11799,11800
921,11801,11802,11803,11804,11805,11806,11807,11808,11809,11810,11811,11812,11813,11814,11815,11816,11817,11818,11819,11820,11821,11822,11823,11824,11825,11826,11827,11828,11829,11830,11831,11832,11833,11835,11836,11837,11838,11839,11840,11841,11842,11843,11844,11845,11846,11847,11848,11849,11850,11851,11852,11854,11855,11856,11857,11858,11859,11860,11861,11862
922,11863,11864,11865,11866,11867,11868,11869,11870,11871,11872,11873,11874,11875,11876
923,11877,11881,11885,11887,11890,11892
924,11893
925,11894
926,11895,11898
927,11899,11902,11904,11915,11921
928,11922,11924,11926,11929,11931,11932,11934,11937,11938,11939,11941,11943
929,11945,11947,11948,11952,11953,11954,11956,11970,11976,11994,12001,12004
930,12007,12008,12009,12010,12011,12012,12014,12015,12016,12017,12018,12019,12020
931,12021,12022,12023,12024,12025,12026,12027,12028,12029,12030,12031,12032,12033,12034,12035,12036
932,12037
933,12038
934,12039,12042
935,12043,12044,12045,12046,12047,12048,12050,12051,12053,12054,12055,12057,12058,12060,12062,12063,12064,12065
936,12066,12067,12068,12071,12073,12074,12075,12077,12079,12083,12085
937,12089,12090,12099,12105,12106,12108,12118,12127
938,12151,12152,12154,12155,12158,12159,12160,12161
939,12165,12166,12167,12169,12170,12171,12175,12176,12179,12180
940,12181
941,12182
942,12183,12184
943,12187,12190,12191,12193,12194,12195,12197,12198,12199,12200,12201,12202,12203,12204,12205,12206,12207,12208,12209
944,12210,12211,12213,12214,12215,12217,12219,12221,12224,12228,12230,12231,12232
945,12233,12234,12235,12237,12239,12240,12241,12242,12243,12244,12247,12248,12249,12250,12251,12252,12254,12255,12256,12258,12259,12261,12262,12263,12264,12265,12266,12267,12269,12270,12271,12272,12273,12274,12275,12277,12278,12282,12283,12285,12286,12287,12288,12289,12290,12292,12294
946,12295,12300,12301,12303,12304,12305,12308
947,12309,12314
948,12325
949,12326
950,12327,12328,12329,12330
951,12331,12332,12334,12335,12337,12338,12339,12340,12341,12343,12344,12345,12347,12348,12349,12350,12352,12353
952,12354,12355,12356,12357,12358,12362,12364,12366,12367,12368,12369,12372,12374,12375,12376
953,12377,12378,12379,12381,12382,12383,12384,12385,12386,12387,12388,12391,12393,12394,12397,12398,12400,12403,12405,12408,12410,12411,12412,12413,12414,12415,12416,12418,12420,12423,12425,12426,12427,12428,12429,12430,12431,12432,12434,12435,12437,12438
954,12439,12440,12441,12443,12445,12446,12448,12449,12450,12452
955,12453,12454,12455,12458,12459,12461,12463,12464,12465,12466,12467
956,12469
957,12470
958,12471,12472,12474
959,12475,12477,12481,12483,12484,12490,12491,12493,12494
960,12498,12500,12501,12508,12509,12513,12514,12518,12520
961,12521,12574
962,12583,12586
963,12597,12598,12599,12601,12602,12603,12604,12605,12606,12607,12608,12609,12610,12611
964,12613
965,12614
966,12615,12617,12618
967,12619,12621,12623,12624,12625,12626,12627,12630,12631,12632,12633,12635,12636,12638,12639,12640,12641
968,12642,12643,12644,12646,12647,12648,12649,12655,12656,12657,12659,12660,12661,12662,12664
969,12665,12666,12667,12668,12669,12670,12671,12672,12674,12675,12676,12677,12678,12680,12681,12683,12684,12685,12686,12687,12688,12689,12691,12692,12694,12697,12698,12700,12701,12704,12705,12709,12710,12712,12713,12715,12716,12717,12720,12722,12723,12724,12725
970,12727,12728,12735,12736,12738,12739
971,12741,12743,12745,12750,12753
972,12757
973,12758
974,12759,12760,12762
975,12763,12765,12766,12767,12768,12769,12770,12772,12773,12774,12775,12776,12778,12780,12781,12783,12784
976,12786,12787,12788,12792,12793,12794,12795,12797,12800,12802,12803,12804
977,12809,12810,12811,12812,12814,12815,12817,12818,12819,12820,12821,12822,12823,12824,12825,12826,12827,12828,12829,12830,12831,12832,12834,12835,12836,12837,12838,12839,12840,12841,12842,12843,12844,12845,12846,12847,12848,12849,12850,12851,12853,12854,12855,12856,12857,12858,12859,12860,12862,12863,12864,12865,12866,12867,12868,12869,12870
978,12871,12877,12881
979,12885,12886,12887,12888,12889,12891,12892,12893,12894,12895,12897,12898,12900
980,12901
981,12902
982,12903
983,12907,12909
984,12930,12933,12934,12935,12937,12941,12942
985,12953,12955,12960,12962,12964,12965,12966,12967,12969,12974,12976,12977,12979,12980,12981,12983,12985,12988,12991,12992,12994,12995,12997,12998,13000,13002,13003,13004,13005,13007,13008,13009,13010,13013
986,13015,13016,13018,13019,13021,13022,13025,13026,13027,13028
987,13029,13032,13034,13035,13037,13039,13040,13041,13042,13044
988,13045
989,13046
990,13047,13050
991,13051,13052,13053,13054,13055,13056,13057,13058,13059,13060,13061,13063,13064,13065,13066,13067,13068,13069,13070,13071,13072,13073
992,13074,13076,13077,13080,13085,13086,13087,13092,13093
993,13097,13098,13099,13100,13101,13102,13104,13105,13106,13107,13108,13109,13110,13111,13112,13113,13114,13115,13116,13117,13118,13119,13120,13121,13122,13123,13124,13125,13126,13127,13128,13129,13130,13131,13132,13133,13134,13135,13136,13137,13138,13139,13140,13141,13142,13143,13144,13145,13146,13147,13148,13149,13150,13151,13152,13153,13154,13155,13156,13157,13158
994,13159,13160,13163,13165,13166,13167,13168,13171
995,13173,13176,13178,13179,13183,13184,13188
996,13189
997,13190
998,13191,13192,13193
999,13195,13198,13199,13201,13202,13203,13204,13207,13210,13211
1000,13218,13225,13231,13239
1001,13241,13242,13243,13244,13246,13248,13249,13250,13253,13254,13255,13256,13257,13258,13259,13260,13261,13262,13263,13264,13265,13266,13268,13269,13270,13271,13272,13273,13274,13275,13276,13277,13278,13279,13280,13282,13283,13284,13285,13287,13288,13289,13291,13292,13293,13294,13295,13296,13297,13298,13299,13300,13301,13302
1002,13303,13304,13305
1003,13317,13324,13327
1004,13333
1005,13334
1006,13335
1007,13339,13340,13341,13342,13343,13344,13346,13347,13348,13349,13350,13351,13354,13355,13356,13360,13361
1008,13362,13363,13370,13371,13372,13378,13380,13383
1009,13385,13392,13396,13397,13400,13401,13405,13418,13426,13431,13432,13437,13444,13446
1010,13447,13455
1011,13461,13463,13464,13466,13467,13468,13469,13476
1012,13477
1013,13478
1014,13479,13480,13481,13482
1015,13483,13488,13489,13492,13493,13497,13503
1016,13506,13507,13508,13509,13510,13511,13512,13513,13514,13515,13516,13517,13518,13519,13520,13521,13522,13523,13526,13527
1017,13529,13530,13532,13533,13535,13536,13537,13538,13539,13540,13541,13543,13544,13545,13546,13548,13549,13550,13552,13554,13555,13556,13557,13560,13561,13562,13563,13565,13567,13569,13570,13571,13574,13575,13577,13578,13581,13583,13584,13585,13587,13588,13589
1018,13591,13592,13596,13597,13598,13600,13602,13604
1019,13605
1020,13621
1021,13622
1022,13623,13625
1023,13627,13628,13629,13631,13634,13635,13640,13647,13648
1024,13650,13653,13654,13655,13658,13659,13662,13665,13667,13668,13669,13671,13672
1025,13673,13675,13678,13682,13688,13691,13692,13694,13696,13702,13703,13705,13710,13713,13716,13718,13724,13726,13728
1026,13735,13736,13737,13738,13739,13741,13742,13743,13744,13745,13746,13747,13748
1027,13749,13752,13756,13758,13761,13763,13764
1028,13765
1029,13766
1030,13767,13770
1031,13771,13775,13779,13781,13782,13783,13784,13788,13792,13793
1032,13794,13799,13803,13810,13812,13815
1033,13817,13835,13857,13858
1034,13879,13880,13881,13882,13883,13884,13885,13886,13887,13888,13889,13890,13891,13892
1035,13893,13895,13896,13897,13899,13901,13905,13906,13907
1036,13909
1037,13910
1038,13911,13913
1039,13915,13920,13922,13928,13936
1040,13938,13940,13942,13943,13944,13946,13947,13949,13950,13951,13952,13953,13956,13957,13959,13960
1041,13961,13968,13970,13977,13979,13981,13994,13995,13996,14001,14003,14011,14012,14014,14016,14019
1042,14023,14025
1043,14037,14038,14039,14040,14041,14042,14043,14044,14045,14047,14048,14049,14050,14051,14052
1044,14053
1045,14054
1046,14055,14056,14057,14058
1047,14059,14060,14061,14063,14064,14065,14069,14071,14072,14074,14079,14080
1048,14082,14083,14084,14085,14089,14090,14093,14094,14095,14099,14101
1049,14105,14112,14123,14125,14129,14133,14141,14151,14156,14161,14164,14165
1050,14167,14168,14171,14172,14173,14174,14175,14177,14178,14180
1051,14181,14191
1052,14197
1053,14198
1054,14199,14200,14202
1055,14203,14206,14208,14211,14214,14220,14221,14225
1056,14226,14227,14229,14231,14232,14234,14235,14236,14237,14238,14239,14240,14241,14244,14245,14246,14247
1057,14249,14252,14254,14255,14263,14264,14271,14277,14282,14300,14303,14307
1058,14311,14313,14314,14315,14318,14320,14321,14322,14323
1059,14325,14326,14327,14329,14330,14331,14335,14337,14339
1060,14341
1061,14342
1062,14343,14344,14345,14346
1063,14347,14355,14357,14359,14364,14369
1064,14370,14371,14373,14377,14378,14379,14381,14383,14384,14385,14386,14387,14389,14390,14391
1065,14393,14395,14396,14397,14398,14400,14401,14402,14405,14406,14407,14408,14409,14410,14412,14413,14414,14415,14416,14417,14418,14420,14421,14422,14424,14425,14426,14427,14431,14432,14433,14436,14439,14440,14441,14442,14443,14444,14446,14450,14451,14453,14454
1066,14455,14460,14461,14462,14463,14464,14466,14468
1067,14469,14470,14475,14481,14482
1068,14485
1069,14486
1070,14487,14490
1071,14491,14492,14493,14494,14496,14497,14499,14507,14509,14510,14513
1072,14514,14515,14516,14517,14522,14523,14530,14531,14533,14535
1073,14537,14538,14539,14540,14541,14542,14543,14544,14545,14546,14547,14548,14549,14550,14551,14552,14553,14554,14555,14556,14557,14558,14559,14560,14561,14562,14563,14564,14565,14566,14567,14568,14569,14570,14571,14572,14573,14574,14575,14576,14577,14578,14579,14580,14581,14582,14583,14584,14585,14586,14587,14588,14589,14590,14591,14592,14593,14594,14595,14596,14597,14598
1074,14599,14612
1075,14613,14614,14615,14618,14619,14620,14622,14623,14624,14625
1076,14629
1077,14630
1078,14631,14632,14634
1079,14635,14639,14640,14641,14642,14643,14644,14646,14647,14648,14649,14650,14651,14652,14653,14654,14655,14656,14657
1080,14658,14659,14660,14661,14662,14663,14664,14665,14666,14667,14669,14671,14672,14673,14674,14675,14676,14677,14678,14679,14680
1081,14681,14685,14687,14688,14691,14692,14693,14694,14696,14699,14702,14705,14706,14707,14711,14715,14718,14720,14722,14723,14724,14727,14729,14731,14733,14736,14737,14738,14739,14740,14742
1082,14743,14745,14749
1083,14757,14760,14764,14766,14767,14768,14770,14771,14772
1084,14773
1085,14774
1086,14775,14777
1087,14779,14781,14794
1088,14802,14803,14804,14805,14806,14807,14808,14809,14810,14811,14812,14814,14815,14816,14817,14818,14819,14820,14821,14823,14824
1089,14825,14826,14827,14828,14829,14830,14831,14833,14836,14837,14838,14839,14840,14841,14842,14843,14844,14845,14846,14847,14848,14850,14851,14853,14855,14856,14857,14858,14859,14860,14861,14862,14863,14864,14866,14867,14868,14869,14870,14871,14872,14873,14874,14875,14876,14877,14878,14879,14880,14881,14882,14883,14884,14885,14886
1090,14887,14888,14893,14894,14895,14897
1091,14901,14902,14903,14904,14905,14907,14908,14910,14911,14912,14913,14914,14915,14916
1092,14917
1093,14918
1094,14919,14920,14921,14922
1095,14923,14924,14925,14926,14927,14928,14929,14930,14931,14932,14933,14934,14935,14936,14937,14938,14939,14940,14941,14942,14943,14945
1096,14946,14948
1097,14969,14972,14974,14975,14976,14977,14979,14980,14981,14985,14988,14990,14991,14992,14993,14994,14995,14997,14998,14999,15000,15001,15002,15004,15005,15007,15008,15009,15011,15012,15013,15014,15019,15021,15022,15023,15025,15026,15027,15028,15029,15030
1098,15031,15033,15034,15035,15036,15038,15039,15040,15041
1099,15045,15046,15047,15048,15049,15050,15052,15053,15054,15055,15056,15057,15058,15059,15060
1100,15061
1101,15062
1102,15063,15064,15065,15066
1103,15067,15068,15069,15070,15074,15076,15078,15079,15081,15082,15084,15086,15088,15089
1104,15090,15092,15102,15105,15106
1105,15113,15117,15120,15124,15130,15134,15144,15146,15148,15151,15153,15163,15164,15173
1106,15175,15176,15177,15180,15183,15184
1107,15189,15190,15191,15193,15194,15196,15198,15199,15200,15202,15203,15204
1108,15205
1109,15206
1110,15207,15209
1111,15211,15213,15216,15220,15223,15225,15226,15229,15232
1112,15234,15243,15244,15245,15249,15250,15251,15254,15255,15256
1113,15257,15258,15261,15268,15275,15276,15280,15284,15285,15286,15289,15292,15299,15301,15308,15309,15318
1114,15319,15321
1115,15333,15334,15335,15336,15337,15338,15339,15340,15341,15342,15344,15345,15346,15347,15348
1116,15349
1117,15350
1118,15351,15352,15353,15354
1119,15355,15356,15358,15360,15361,15362,15363,15364,15365,15366,15367,15368,15369,15370,15371,15372,15374,15375,15376
1120,15378,15379,15380,15381,15382,15383,15384,15385,15386,15387,15388,15389,15390,15391,15392,15393,15394,15395,15396,15397,15398,15399,15400
1121,15401,15402,15403,15404,15405,15406,15407,15408,15409,15410,15411,15412,15413,15414,15415,15416,15417,15418,15419,15420,15421,15422,15423,15425,15427,15428,15429,15430,15431,15432,15433,15434,15435,15436,15438,15439,15440,15441,15442,15443,15444,15445,15446,15447,15448,15449,15450,15451,15452,15453,15454,15456,15457,15458,15459,15460,15461,15462
1122,15463,15464,15466,15467,15470,15471,15474
1123,15477,15478,15479,15480,15482,15483,15484,15485,15486,15487,15488,15490,15491,15492
1124,15493
1125,15494
1126,15495,15496,15497,15498
1127,15499,15501,15503,15508,15510,15511,15512,15513,15515,15516,15517,15518,15519
1128,15522,15524,15526,15538
1129,15545,15546,15549,15550,15551,15562,15569,15571,15574,15576,15581,15584,15585,15590,15596,15598
1130,15607,15608,15611,15612,15613,15615,15617
1131,15621,15623,15625,15626,15628,15629,15632,15633,15634,15636
1132,15637
1133,15638
1134,15639,15640,15641,15642
1135,15643,15644,15651,15652,15659
1136,15666,15667,15668,15672,15673,15675,15677,15678,15679,15680,15681,15682,15683,15684,15685,15687,15688
1137,15689,15690,15691,15694,15695,15696,15698,15700,15701,15702,15703,15706,15707,15708,15709,15712,15713,15715,15716,15717,15719,15721,15722,15723,15726,15727,15728,15729,15734,15735,15736,15737,15738,15741,15742,15743,15745,15746,15748,15749,15750
1138,15751,15752,15755,15756,15757,15759,15761
1139,15765,15766,15770,15772,15774,15777,15780
1140,15781
1141,15782
1142,15783,15784,15785,15786
1143,15787,15788,15790,15791,15793,15795,15797,15798,15804,15809
1144,15810,15814,15816,15820,15821,15828,15831
1145,15833,15836,15840,15843,15854,15877,15885,15886,15889
1146,15895,15896,15897,15898,15899,15900,15901,15902,15903,15904,15905,15908
1147,15909,15910,15911,15912,15913,15914,15915,15916,15917,15918,15922,15924
1148,15925
1149,15926
1150,15927,15928,15929,15930
1151,15931,15933,15944,15951,15953
1152,15954,15955,15956,15957,15958,15959,15960,15961,15962,15963,15964,15965,15966,15967,15968,15969,15970,15971,15972,15973,15974,15975,15976
1153,15977,15978,15979,15980,15981,15982,15983,15984,15985,15986,15987,15989,15990,15991,15992,15993,15994,15995,15996,15997,15998,15999,16000,16001,16002,16003,16004,16005,16006,16007,16008,16011,16012,16013,16014,16015,16016,16017,16018,16019,16020,16021,16022,16024,16025,16026,16027,16028,16029,16030,16032,16033,16034,16035,16036,16038
1154,16039,16040,16041,16042,16043,16044,16046,16048,16049,16051
1155,16053,16054,16060,16062,16064,16066
1156,16069
1157,16070
1158,16071,16072,16074
1159,16075,16076,16077,16079,16080,16083,16085,16086,16087,16089,16092,16096,16097
1160,16098,16108,16112
1161,16121,16126,16133,16134,16142,16147,16149,16167
1162,16183,16184,16185,16186,16187,16188,16189,16190,16191,16192,16193,16194,16195,16196
1163,16197,16205,16206,16212
1164,16213
1165,16214
1166,16215,16217
1167,16219,16222,16225,16227,16229,16232,16234,16236,16238,16239,16240,16241
1168,16242,16244,16246,16250,16253,16254,16256,16257,16259,16261,16262,16263
1169,16265,16267,16269,16272,16280,16288,16294,16300,16311,16324,16326
1170,16327,16338
1171,16341,16342,16343,16344,16346,16347,16348,16349,16350,16351,16352,16353,16354,16355,16356
1172,16357
1173,16358
1174,16359,16360,16361,16362
1175,16363,16364,16365,16366,16367,16369,16370,16371,16372,16373,16374,16375,16376,16377,16378,16379,16380,16381,16382,16383,16384,16385
1176,16386,16390,16396,16397,16400,16404,16406
1177,16409,16418,16429,16437,16451,16453,16454,16459,16467
1178,16471,16472,16473,16474,16475,16476,16477,16478,16479,16480,16481,16482,16483,16484
1179,16485,16489,16490,16492,16493,16494,16495,16496,16497,16498,16499,16500
1180,16501
1181,16502
1182,16503,16506
1183,16507,16514
1184,16530,16535,16536,16540,16542,16543,16548,16549,16552
1185,16553,16555,16560,16569,16575,16579,16581,16587,16596,16603,16605,16609,16611,16613,16614
1186,16615,16617,16618,16619,16620,16621,16622,16623,16624,16627,16628
1187,16629,16631,16635,16636,16638,16640,16643,16644
1188,16645
1189,16646
1190,16647,16648,16649,16650
1191,16651,16653,16654,16655,16656,16657,16658,16660,16661,16662,16663,16664,16666,16667,16668,16669,16672
1192,16674,16675,16677,16678,16679,16680,16681,16682,16683,16685,16686,16687,16688,16689,16690,16691,16692,16693,16694,16695,16696
1193,16697,16699,16700,16701,16702,16703,16704,16705,16707,16708,16709,16710,16711,16712,16713,16715,16717,16718,16720,16721,16723,16724,16725,16726,16727,16728,16729,16730,16731,16732,16733,16734,16736,16737,16738,16739,16740,16741,16742,16743,16746,16747,16749,16751,16752,16753,16754,16756,16757,16758
1194,16759,16760,16762,16764,16769
1195,16773,16775,16776,16777,16779,16780,16781,16782,16783,16784,16785,16786,16787,16788
1196,16789
1197,16790
1198,16791,16792,16793,16794
1199,16795,16796,16799,16800,16801,16802,16804,16805,16806,16807,16809,16812,16813,16814,16816,16817
1200,16818,16820,16821,16822,16824,16826,16828,16830,16832,16837,16838,16839
1201,16841,16842,16844,16847,16848,16850,16851,16853,16855,16857,16861,16862,16864,16869,16871,16872,16874,16875,16877,16880,16881,16882,16884,16886,16887,16890,16891,16893,16894,16897,16898
1202,16903,16904,16905,16906,16908,16909,16911,16912,16913,16914,16915,16916
1203,16917,16920,16921,16922,16923,16924,16926,16927,16929,16930
1204,16933
1205,16934
1206,16935,16936,16937,16938
1207,16939,16949,16958,16960
1208,16962,16964,16965,16968,16969,16970,16978,16982,16984
1209,16985,16988,16998,17009,17014,17018,17025,17026,17029,17034,17041,17043,17046
1210,17047,17049,17050,17055,17057,17058,17059
1211,17061,17062,17063,17064,17067,17068,17069,17071,17074,17075,17076
1212,17077
1213,17078
1214,17079,17080,17081,17082
1215,17083,17085,17086,17087,17089,17091,17092,17093,17096,17098,17099,17100,17101,17104
1216,17106,17108,17109,17113,17114,17115,17119,17120,17121,17122,17123,17124,17125
1217,17129,17130,17131,17132,17133,17135,17138,17139,17140,17141,17143,17145,17147,17150,17151,17152,17158,17159,17160,17161,17162,17163,17164,17165,17166,17167,17168,17169,17171,17172,17175,17177,17179,17181,17182,17183,17184,17186,17187,17188,17189
1218,17191,17192,17193,17194,17195,17196,17197,17198,17199,17200,17201,17202,17203,17204
1219,17205,17207,17208,17210,17211,17212,17213,17216,17217,17218,17219
1220,17221
1221,17222
1222,17223,17224
1223,17227,17228,17229,17230,17233,17234,17235,17237,17243,17244,17248
1224,17250,17251,17253,17255,17258,17259,17264,17269,17270,17272
1225,17273,17277,17278,17282,17289,17292,17293,17294,17303,17306,17311,17313,17317,17321,17322,17327,17328,17329,17332
1226,17335,17336,17337,17338,17339,17340,17341,17343,17344,17345,17346,17347,17348
1227,17349,17350,17356,17360
1228,17365
1229,17366
1230,17367,17370
1231,17371,17374,17390,17392
1232,17394,17395,17396,17397,17398,17400,17401,17402,17403,17404,17405,17406,17408,17409,17410,17411,17412,17413,17414,17415,17416
1233,17417,17431,17437
1234,17479,17480,17481,17483,17484
1235,17493,17494,17497,17499,17500,17503,17506,17507
1236,17509
1237,17510
1238,17511,17512,17513,17514
1239,17515,17516,17517,17520,17521,17522,17523,17524,17525,17526,17527,17529,17530,17531,17532,17534,17535,17536,17537
1240,17538,17542,17545,17551
1241,17561,17562,17564,17565,17567,17569,17570,17571,17572,17574,17575,17577,17578,17579,17580,17581,17582,17583,17585,17587,17589,17590,17591,17592,17593,17599,17600,17601,17602,17603,17606,17610,17611,17612,17614,17615,17617,17618,17619,17620,17621,17622
1242,17623,17624,17625,17627,17628,17630,17632,17633,17634,17636
1243,17637,17639,17640,17642,17644,17645,17647,17649,17652
1244,17653
1245,17654
1246,17655,17656,17657,17658
1247,17659,17661,17663,17665,17666,17671,17673,17675,17677
1248,17682,17683,17685,17686,17687,17688,17690,17691,17692,17693,17695,17698,17699,17700,17701,17702
1249,17705,17706,17707,17711,17713,17715,17716,17717,17718,17719,17720,17722,17723,17724,17726,17727,17731,17732,17734,17735,17736,17737,17738,17740,17741,17742,17743,17745,17746,17748,17749,17750,17751,17754,17756,17757,17758,17759,17760,17761,17762,17763,17764,17765,17766
1250,17767,17768,17769,17770,17771,17772,17773,17774,17775,17776,17777,17778,17780
1251,17781,17783,17784,17788,17789,17793
1252,17797
1253,17798
1254,17799,17801
1255,17803,17807,17815,17818,17819
1256,17826,17827,17830,17831,17832,17833,17834,17835,17836,17837,17839,17840,17841,17842,17843,17844,17845,17847,17848
1257,17849,17851,17867,17871,17873,17874,17876,17877,17882,17891,17894,17903,17905
1258,17911,17912,17913,17914,17915,17918,17924
1259,17925,17926,17927,17928,17931,17933,17934,17935,17936,17939,17940
1260,17941
1261,17942
1262,17943,17944,17945,17946
1263,17947,17948,17952,17954,17955,17956,17959,17967,17968
1264,17970,17976,17978,17980,17981,17984,17986,17988
1265,17993,17994,17996,17998,17999,18001,18002,18003,18004,18006,18007,18008,18009,18010,18011,18013,18017,18019,18021,18023,18024,18026,18029,18030,18032,18034,18035,18036,18037,18040,18042,18043,18044,18045,18047,18049,18050,18051,18053
1266,18055,18056,18057,18058,18061,18067
1267,18069,18071,18075,18077,18081
1268,18085
1269,18086
1270,18087,18089,18090
1271,18091,18092,18094,18096,18098,18104,18107
1272,18114,18116,18128
1273,18137,18140,18142,18143,18148,18154,18160,18162,18166,18167,18168,18171,18173,18175,18178,18179,18182,18185,18190,18192,18198
1274,18199,18201,18206,18207,18208,18210
1275,18213,18215,18218,18220,18221,18222,18223,18224,18226,18227,18228
