256,1
257,2
258,3,4
259,7
260,8
261,9
262,10,11,12,13
263,14,15,16,17,18,19,22,23
264,24,25,26,27,28,29,30,31,32,33
265,34,40,47,54,60,62,64
266,71,72,73
267,75,77,78,81,82,83,84
268,85
269,86
270,87,89
271,91,98,100,101,109,110
272,114,115,116,118,120,121,123,124,125,127,129,130,134,136
273,137,149,160,168,185,186,191
274,199,200,202,204,207,208,209,210,211
275,213,216,221,222,227,228
276,229
277,230
278,231,234
279,235,236,237,238,239,240,241,243,244,245,246,247,248,249,250,251,252,253,254,255,256,257
280,258,260,261,262,263,265,266,267,268,269,271,272,273,274,275,276,277,279
281,281,282,284,285,286,287,292,293,294,295,296,298,299,300,302,303,304,306,308,309,310,311,312,314,316,317,318,319,320,321,322,325,327,330,331,332,333,334,335,336,338,339,341
282,343,348,350,351,352
283,357,359,363,368,370,371
284,373
285,374
286,375,377,378
287,379,380,381,382,383,385,387,389,390,393,394,395,396,397,398,399,400,401
288,402,410
289,425,426,427,428,430,431,432,433,434,435,436,438,439,440,441,442,443,444,446,448,449,450,451,452,453,454,455,456,457,459,460,461,462,463,464,465,466,467,469,471,472,474,475,476,478,479,480,482,483,484,485,486
290,487,488,492,496,497,498
291,501,503,504,508,509,510,511,514
292,517
293,518
294,519,520,521,522
295,523,524,531,534,535,536,537,538,539,541,545
296,546,547,548,549,550,551,552,553,554,556,557,558,559,560,561,562,563,564,565,566,567
297,569,570,572,573,574,575,576,577,578,579,580,581,582,584,585,587,588,590,592,594,595,596,597,598,601,602,603,605,606,608,609,610,611,612,613,614,615,616,617,618,620,621,623,625,626,627,628,629
298,631,634,635,637,638,639,640,641,642,643
299,645,647,648,649,650,653,655,656,657,659,660
300,661
301,662
302,663,664,665,666
303,667,673,680,685,687
304,690,692,698,699,708
305,713,714,716,718,720,722,725,727,728,729,730,732,733,735,739,745,749,753,758,759,767,768,769,772
306,775,777,778,781,784,785
307,789,790,794,796,797,799
308,805
309,806
310,807,809
311,811,812,813,814,815,816,817,818,819,820,821,822,823,824,825,826,827,828,829,830,831,832
312,834,835,836,838,841,844,848,850,853,854,855
313,857,858,859,860,861,862,863,865,867,869,870,871,872,873,874,875,878,880,881,885,886,887,889,890,892,893,894,895,896,897,898,899,900,901,903,904,905,907,908,910,912,913,914,915,916,918
314,919,922,924,932
315,933,934,936,937,939,943,946,947,948
316,949
317,950
318,951,953,954
319,955,957,958,959,961,963,965,966,969,971,975
320,978,979,983,984,985,987,989,990,991,992,993,995,997,999
321,1001,1003,1004,1005,1006,1007,1008,1009,1010,1011,1012,1013,1014,1015,1016,1017,1018,1019,1020,1021,1022,1023,1024,1027,1034,1035,1036,1037,1038,1039,1040,1041,1042,1043,1044,1046,1047,1048,1049,1050,1051,1052,1054,1055,1056,1057,1059,1060,1061
322,1063,1065,1070,1071,1073
323,1077,1078,1080,1081,1082,1083,1084,1085,1086,1087,1088,1089,1090,1091,1092
324,1093
325,1094
326,1095,1096
327,1099,1100,1101,1103,1104,1106,1107,1108,1109,1110,1112,1113,1115,1117,1118,1119,1121
328,1122,1123,1124,1126,1128,1129,1130,1131,1133,1134,1135,1136,1138,1139,1140,1142,1143
329,1145,1146,1147,1148,1149,1151,1152,1153,1154,1155,1157,1158,1159,1160,1161,1162,1164,1165,1166,1167,1168,1169,1170,1171,1172,1173,1174,1175,1176,1177,1178,1179,1181,1182,1183,1184,1185,1186,1187,1188,1189,1190,1191,1192,1193,1194,1195,1196,1197,1198,1199,1201,1202,1203,1204,1205,1206
330,1207,1209,1210,1211,1212,1213,1214,1216,1217,1218,1219,1220
331,1221,1222,1223,1224,1225,1226,1227,1228,1229,1230,1231,1232,1233,1234,1235,1236
332,1237
333,1238
334,1239,1241
335,1243,1244,1245,1246,1247,1248,1249,1250,1251,1252,1253,1254,1256,1257,1258,1259,1260,1261,1262,1263,1264,1265
336,1266,1268,1269,1275,1278,1282,1285,1287,1288
337,1289,1290,1293,1294,1295,1296,1297,1299,1300,1302,1303,1304,1305,1306,1308,1309,1310,1311,1313,1314,1315,1317,1318,1319,1320,1323,1325,1326,1327,1328,1329,1330,1331,1333,1334,1336,1337,1338,1339,1340,1341,1342,1343,1345,1346,1347,1349,1350
338,1351,1352,1353,1354,1355,1356,1357,1358,1359,1360,1361,1362,1363,1364
339,1365,1366,1368,1370,1371,1372,1373,1374,1375,1376,1377,1378,1380
340,1381
341,1382
342,1383,1384
343,1387,1388,1389,1390,1391,1393,1398,1399,1400,1403,1405,1406,1407,1408
344,1410,1414,1423,1424,1429,1430
345,1433,1434,1435,1436,1438,1439,1440,1441,1442,1443,1444,1445,1447,1448,1451,1452,1453,1457,1458,1462,1465,1466,1467,1468,1469,1470,1471,1473,1474,1475,1477,1481,1482,1484,1485,1487,1489,1490,1493,1494
346,1495,1496,1499,1501,1502,1505,1506,1507
347,1509,1510,1516,1523
348,1525
349,1526
350,1527,1528,1529,1530
351,1531,1534,1539,1544,1545,1547,1548,1551
352,1554,1555,1556,1557,1559,1560,1562,1564,1565,1566,1567,1568,1570,1571,1574,1575,1576
353,1577,1584,1590,1597,1621
354,1639,1641,1642,1643
355,1653,1657,1659,1660,1661,1662,1664,1665,1666,1668
356,1669
357,1670
358,1671,1672,1673
359,1675,1676,1680,1681,1683,1684,1689,1690,1692,1697
360,1698,1699,1702,1703,1704,1705,1706,1707,1709,1714,1715,1716,1717,1718,1719,1720
361,1721,1723,1724,1727,1728,1730,1731,1734,1735,1738,1740,1744,1747,1748,1750,1752,1753,1755,1760,1763,1764,1766,1769,1771,1772,1774,1777,1778,1779,1780,1782
362,1783,1784,1785,1786,1789
363,1797,1798,1799,1800,1802,1803,1808,1809,1811,1812
364,1813
365,1814
366,1815,1816,1817,1818
367,1819,1820,1821,1822,1823,1824,1826,1827,1828,1829,1830,1832,1833,1834,1835,1836,1838,1839,1840,1841
368,1842,1848,1859
369,1865,1866,1867,1868,1870,1871,1872,1873,1876,1877,1883,1885,1887,1888,1890,1891,1896,1901,1902,1903,1909,1911,1914,1915,1916,1918,1919,1920,1921,1923,1924,1925,1926
370,1927,1931,1933,1937,1938
371,1941,1942,1945,1950
372,1957
373,1958
374,1959,1962
375,1963,1964,1965,1966,1967,1968,1969,1971,1972,1973,1974,1975,1976,1977,1978,1979,1980,1982,1983,1984
376,1986,1990,1993,1997,1998,1999,2002,2004,2005,2006,2007,2008
377,2009,2011,2012,2013,2020,2022,2031,2034,2036,2044,2045,2048,2049,2051,2054,2057,2059,2061,2062,2063,2065,2068,2069
378,2071,2075,2077,2078,2080,2083
379,2085,2086,2088,2092,2093,2094,2095
380,2101
381,2102
382,2103,2104,2105,2106
383,2107,2108,2109,2111,2112,2113,2114,2115,2116,2118,2119,2120,2122,2123,2124,2125,2126,2129
384,2130,2136,2137,2145,2149
385,2153,2154,2155,2156,2157,2158,2159,2160,2161,2162,2163,2164,2165,2166,2167,2168,2169,2170,2171,2172,2173,2174,2175,2176,2177,2178,2179,2180,2181,2182,2183,2184,2185,2186,2187,2188,2189,2190,2191,2192,2193,2194,2195,2196,2197,2198,2199,2200,2201,2202,2203,2204,2205,2206,2207,2208,2209,2210,2211,2212,2213,2214
386,2215,2217,2220,2223,2224,2226
387,2229,2230,2231,2233,2234,2235,2236,2237,2238,2239,2240,2242,2244
388,2245
389,2246
390,2247
391,2251,2258,2261,2272
392,2274,2275,2276,2277,2278,2279,2281,2282,2284,2285,2286,2292,2293
393,2297,2302,2303,2306,2311,2312,2315,2316,2317,2320,2322,2323,2324,2326,2327,2328,2329,2330,2333,2337,2342,2343,2349,2351,2352,2353,2354,2356
394,2359,2360,2363,2365,2368,2369
395,2373,2375,2378,2380,2386
396,2389
397,2390
398,2391,2392,2393,2394
399,2395,2396,2397,2398,2399,2400,2401,2402,2403,2404,2405,2406,2407,2409,2410,2411,2412,2413,2414,2415,2416,2417
400,2418,2419,2420,2421,2424,2425,2426,2427,2431,2433,2435,2436,2437,2438,2439,2440
401,2441,2442,2444,2446,2449,2451,2452,2454,2455,2457,2458,2459,2463,2464,2465,2466,2468,2470,2471,2472,2473,2474,2475,2476,2478,2480,2482,2483,2484,2486,2487,2489,2492,2494,2495,2496,2497,2499,2500,2501,2502
402,2503
403,2517,2519,2520,2521,2522,2524,2526,2527,2529,2530
404,2533
405,2534
406,2535,2536,2537,2538
407,2539,2540,2541,2542,2543,2544,2545,2546,2547,2548,2549,2550,2551,2552,2553,2554,2555,2556,2557,2558,2559,2560,2561
408,2562,2568,2569,2572,2576,2580,2581
409,2585,2586,2587,2588,2589,2590,2591,2592,2593,2594,2595,2597,2598,2599,2600,2601,2602,2603,2604,2605,2608,2609,2610,2611,2612,2613,2614,2615,2616,2619,2620,2621,2622,2623,2624,2625,2626,2627,2628,2629,2630,2631,2632,2634,2635,2636,2637,2638,2639,2640,2641,2643,2644,2645
410,2647,2648,2649,2650,2651,2652,2653,2654,2655,2656,2657,2658,2659,2660
411,2661,2672,2675,2676
412,2677
413,2678
414,2679,2681,2682
415,2683,2684,2685,2686,2687,2690,2691,2692,2694,2696,2697,2698,2699,2700,2701,2704
416,2706,2707,2710,2712,2713,2715,2716,2717,2719,2720,2721,2727,2728
417,2729,2730,2734,2735,2736,2738,2740,2746,2747,2750,2752,2757,2759,2761,2762,2763,2764,2766,2767,2768,2775,2776,2781,2783,2787,2789
418,2791,2792,2793,2794,2795,2796,2797,2798,2800,2801,2802,2803,2804
419,2805,2818
420,2821
421,2822
422,2823,2824,2826
423,2827,2834,2838,2839
424,2850,2851,2852,2854,2855,2856,2857,2858,2859,2860,2861,2862,2864,2865,2866,2867,2868,2869,2870,2872
425,2873,2877,2878,2879,2881,2882,2884,2885,2886,2887,2888,2890,2891,2893,2895,2896,2897,2898,2899,2900,2905,2907,2908,2909,2910,2911,2912,2914,2915,2916,2917,2918,2921,2922,2923,2924,2926,2927,2928,2929,2930,2931,2932,2933,2934
426,2935,2936,2937,2941,2943,2944,2947,2948
427,2949,2950,2951,2954,2955,2956,2958,2959,2960,2961,2962,2964
428,2965
429,2966
430,2967,2970
431,2971,2977,2982,2988
432,2994,3011,3012,3013,3016
433,3017,3018,3027,3028,3029,3032,3036,3037,3049,3054,3058,3062,3072,3073,3076,3078
434,3079,3081,3083,3084,3085,3086,3087,3088,3089,3090,3091,3092
435,3093,3094,3095,3096,3101,3103,3106,3107
436,3109
437,3110
438,3111,3112,3114
439,3115,3116,3117,3118,3119,3120,3121,3122,3123,3124,3125,3126,3127,3128,3129,3130,3131,3132,3133,3134,3135,3136,3137
440,3138,3139,3140,3141,3142,3143,3144,3145,3146,3147,3149,3150,3151,3152,3153,3154,3155,3156,3157,3158,3160
441,3161,3164,3165,3166,3167,3169,3170,3171,3172,3175,3176,3177,3178,3180,3181,3182,3184,3186,3187,3188,3189,3190,3191,3192,3193,3194,3195,3197,3198,3200,3201,3202,3203,3204,3205,3207,3208,3209,3210,3211,3212,3214,3215,3217,3218,3220,3221,3222
442,3223,3224,3225,3226,3227,3228,3229,3230,3231,3232,3233,3234,3235,3236
443,3237,3239,3241,3242,3244,3246,3247,3249,3250,3251,3252
444,3253
445,3254
446,3255,3256
447,3259,3260,3261,3262,3263,3264,3265,3266,3267,3268,3269,3270,3271,3272,3273,3274,3275,3276,3277,3278,3279,3280,3281
448,3282,3283,3285,3286,3287,3288,3289,3290,3291,3292,3293,3294,3295,3296,3297,3298,3299,3300,3301,3302,3303,3304
449,3305,3308,3311,3314,3332,3358,3360,3362
450,3367,3368,3370,3371,3372,3373,3374,3375,3376,3377,3378,3379,3380
451,3381,3382,3383,3384,3385,3386,3387,3389,3390,3391,3392,3393,3394,3395,3396
452,3397
453,3398
454,3399,3401
455,3403,3404,3406,3407,3409,3410,3412,3415,3418,3419,3421,3423,3424
456,3426,3427,3428,3429,3431,3432,3434,3435,3436,3437,3438,3440,3441,3442,3443,3444,3445,3446,3447,3448
457,3449,3450,3451,3452,3453,3454,3455,3457,3459,3460,3462,3464,3465,3466,3467,3468,3470,3471,3473,3474,3475,3476,3477,3478,3479,3481,3482,3483,3485,3486,3487,3488,3489,3490,3491,3494,3495,3496,3497,3499,3500,3501,3502,3503,3504,3505,3506,3507,3508,3509,3510
458,3511,3517,3519,3524
459,3525,3531
460,3541
461,3542
462,3543,3544
463,3547,3550,3563,3564,3566
464,3570,3571,3572,3574,3575,3577,3579,3580,3581,3582,3584,3585,3586,3588,3590,3591,3592
465,3593,3594,3596,3599,3601,3602,3604,3605,3607,3611,3612,3613,3614,3616,3618,3619,3622,3623,3624,3625,3628,3629,3630,3631,3632,3633,3635,3636,3638,3639,3640,3641,3642,3643,3646,3647,3654
466,3655,3656,3657,3658,3659,3660,3661,3662,3663,3664,3666,3668
467,3669,3671,3678,3681,3682,3684
468,3685
469,3686
470,3687,3689,3690
471,3691,3696,3698,3700,3702,3706,3707,3708,3709
472,3714,3715,3719,3721,3723,3724,3726,3728,3729,3732,3736
473,3737,3740,3743,3745,3749,3751,3752,3755,3758,3759,3760,3762,3763,3765,3766,3767,3768,3769,3770,3772,3773,3776,3777,3778,3780,3785,3787,3788,3792,3794,3795,3797
474,3799,3802,3803,3808,3809,3810,3812
475,3813,3815,3817,3820,3821,3822,3824,3826,3828
476,3829
477,3830
478,3831,3832,3833,3834
479,3835,3839,3840,3842,3846,3847,3849,3850,3851,3852,3853,3855,3857
480,3858,3863,3866,3869,3871,3872,3873,3875,3877,3880
481,3881,3883,3886,3891,3892,3893,3896,3898,3900,3902,3911,3912,3913,3915,3917,3922,3923,3926,3937,3940
482,3943,3944,3945,3946,3947,3948,3949,3950,3954,3955
483,3957,3958,3959,3960,3961,3962,3964,3965,3966,3967,3968,3969,3970,3971,3972
484,3973
485,3974
486,3975,3976,3977,3978
487,3979,3980,3981,3982,3983,3985,3987,3989,3990,3992,3993,3994,3996,3997,4000
488,4002,4004,4005,4013,4014,4018,4019,4022
489,4025,4028,4037,4043,4046,4060,4064,4066,4076,4083
490,4087,4088,4092,4093,4094,4095,4096,4098,4099,4100
491,4101,4107,4116
492,4117
493,4118
494,4119,4120,4121,4122
495,4123,4127,4131,4135,4137,4139,4142
496,4146,4147,4149,4150,4151,4152,4153,4154,4156,4157,4159,4160,4161,4162,4163,4164,4165,4167,4168
497,4169,4170,4171,4174,4175,4177,4178,4179,4180,4181,4182,4183,4186,4188,4189,4190,4194,4195,4198,4200,4201,4202,4203,4204,4205,4207,4209,4210,4212,4213,4214,4215,4216,4219,4220,4221,4222,4223,4226,4227,4228,4230
498,4231,4232,4234,4235,4236,4237,4238,4240,4241,4242,4243,4244
499,4245,4246,4247,4248,4249,4250,4251,4252,4254,4255,4256,4257,4258,4259,4260
500,4261
501,4262
502,4263,4264,4265,4266
503,4267,4268,4269,4270,4271,4273,4274,4275,4277,4281,4282,4283,4284,4285,4286,4288
504,4290,4292,4299,4301,4310,4312
505,4313,4316,4320,4323,4331,4334,4337,4339,4341,4344,4348,4352,4356,4367
506,4375,4377,4379,4380,4381,4382,4384,4385,4386
507,4389,4390,4391,4392,4393,4397,4398,4401,4402,4403,4404
508,4405
509,4406
510,4407,4409
511,4411,4412,4413,4417,4419,4420,4426
512,4434,4438,4441,4444,4456
513,4457,4465,4467,4469,4471,4472,4473,4477,4482,4502,4512
514,4519,4520,4522,4523,4525,4527,4528,4529,4530,4531,4532
515,4533,4534,4535,4536,4537,4538,4540,4541,4542,4543,4544,4545,4546,4547,4548
516,4549
517,4550
518,4551
519,4555,4556,4557,4560,4562,4564,4565,4566,4569,4570,4571,4572,4575
520,4578,4579,4581,4582,4585,4587,4588,4589,4591,4592,4597,4598,4600
521,4601,4606,4607,4609,4610,4613,4614,4615,4616,4617,4618,4623,4624,4625,4626,4627,4628,4631,4637,4639,4640,4641,4642,4644,4645,4648,4649,4650,4651,4652,4660,4662
522,4663,4664,4665,4666,4667,4669,4670,4671,4672,4673,4674,4675
523,4677,4678,4681,4682,4683,4685,4688,4689,4691,4692
524,4693
525,4694
526,4695,4697,4698
527,4699,4700,4701,4702,4703,4704,4708,4710,4712,4714,4716,4717,4718,4721
528,4722,4728
529,4745,4746,4747,4748,4749,4750,4752,4753,4754,4755,4757,4758,4760,4762,4763,4765,4766,4767,4768,4769,4770,4771,4772,4773,4775,4776,4777,4778,4779,4780,4781,4782,4783,4784,4785,4786,4787,4788,4789,4790,4791,4792,4794,4795,4796,4797,4798,4799,4800,4801,4802,4803,4804,4805,4806
530,4807,4809,4810,4811,4812,4813,4814,4816,4818,4820
531,4821,4829,4835
532,4837
533,4838
534,4839,4840,4841,4842
535,4843,4846,4847,4858,4860,4865
536,4866,4869,4871,4872,4873,4876,4877,4878,4879,4880,4882,4883,4886,4887
537,4889,4890,4899,4903,4905,4906,4909,4912,4913,4924,4925,4932,4933,4934,4936,4937
538,4951,4955,4960
539,4965,4966,4967,4968,4970,4971,4972,4973,4974,4978,4979,4980
540,4981
541,4982
542,4983
543,4987,4988,4992,4993,4994,4995,4997,4998,5000,5004,5005,5009
544,5010,5011,5012,5013,5014,5015,5016,5017,5018,5019,5020,5021,5022,5023,5024,5025,5026,5027,5028,5029,5031
545,5033,5044,5048,5088,5092,5093
546,5095,5104,5105
547,5109,5110,5114,5116,5118
548,5125
549,5126
550,5127,5128,5129
551,5131,5132,5135,5139,5147,5148,5149,5151,5152,5153
552,5154,5158,5159,5163,5168,5171,5172,5175,5176
553,5177,5178,5179,5180,5181,5183,5185,5186,5187,5188,5189,5190,5191,5192,5193,5194,5195,5196,5197,5199,5200,5202,5205,5206,5208,5209,5210,5211,5212,5213,5214,5215,5218,5219,5220,5221,5223,5224,5225,5226,5227,5228,5229,5230,5231,5232,5233,5234,5235,5238
554,5239,5240,5241,5242,5243,5244,5245,5246,5248,5249,5252
555,5253,5254,5255,5256,5257,5258,5259,5263,5264,5265,5266,5267,5268
556,5269
557,5270
558,5271,5272,5273
559,5275,5276,5277,5278,5279,5280,5281,5282,5284,5285,5286,5287,5288,5289,5290,5296,5297
560,5298,5313,5319
561,5321,5322,5323,5326,5329,5333,5334,5335,5337,5338,5339,5340,5343,5344,5345,5346,5347,5349,5350,5352,5354,5357,5358,5359,5361,5362,5363,5367,5369,5373,5375,5377,5378,5380,5381,5382
562,5383,5384,5385,5392,5393
563,5397,5398,5400,5401,5402,5403,5404,5406,5411,5412
564,5413
565,5414
566,5415,5416,5417,5418
567,5419,5421,5422,5424,5426,5427,5428,5429,5430,5432,5433,5434,5435,5439
568,5442,5443,5444,5446,5447,5448,5452,5453,5459,5460,5461,5463
569,5465,5472,5482
570,5527,5528,5529,5530,5531,5532,5533,5534,5535,5536,5537,5539,5540
571,5541,5544,5549,5555
572,5557
573,5558
574,5559
575,5563,5569,5571,5572,5573,5574,5575
576,5586,5590,5601,5603
577,5609,5612,5622,5623,5624,5626,5627,5628,5630,5633,5640,5642,5647,5648,5650,5654,5656,5658,5665,5666,5667,5668,5670
578,5671,5673,5674,5681,5682,5683
579,5685,5686,5687,5688,5689,5690,5692,5694,5695,5696,5697,5699,5700
580,5701
581,5702
582,5703,5704,5705
583,5707,5708,5710,5712,5713,5714,5715,5716,5717,5718,5719,5720,5721,5722,5723,5724,5725,5726,5727,5728,5729
584,5730,5734,5737,5738,5739,5741,5742,5747,5748,5749,5751
585,5753,5754,5756,5757,5758,5759,5765,5766,5768,5772,5773,5774,5775,5776,5777,5778,5779,5780,5783,5785,5786,5790,5792,5795,5796,5798,5802,5804,5805,5809,5811,5812,5813
586,5815,5824
587,5829,5830,5831,5832,5833,5834,5835,5836,5837,5840,5841,5844
588,5845
589,5846
590,5847,5848,5850
591,5851,5852,5857
592,5874,5875,5876,5877,5878,5879,5880,5881,5882,5883,5884,5885,5886,5887,5888,5889,5890,5891,5892,5893,5894,5895,5896
593,5897,5898,5899,5900,5901,5902,5903,5905,5906,5907,5908,5909,5910,5911,5912,5913,5914,5915,5916,5917,5919,5920,5921,5922,5923,5924,5925,5926,5928,5929,5931,5932,5933,5934,5935,5936,5937,5939,5940,5941,5942,5943,5944,5945,5948,5949,5950,5951,5952,5953,5954,5956
594,5959,5960,5962,5963,5964,5965,5966,5967,5968,5969,5970,5971,5972
595,5973,5974,5975,5976,5977,5978,5979,5980,5981,5982,5983,5984,5985,5986,5987,5988
596,5989
597,5990
598,5991,5992,5993,5994
599,5995,5996,5997,5998,5999,6000,6001,6004,6005,6007,6009,6011,6016,6017
600,6018,6019,6020,6026,6029,6031,6034,6035,6036,6037,6039,6040
601,6041,6042,6047,6054,6058,6092,6100
602,6103,6104,6105,6106,6107,6108,6109,6110,6111,6112,6114,6115,6116
603,6117,6118,6120,6121,6122,6123,6124,6125,6126,6127,6128,6129,6130,6131,6132
604,6133
605,6134
606,6135,6136,6137,6138
607,6139,6153,6157
608,6162,6167,6173,6181,6183
609,6185,6186,6193,6195,6200,6202,6207,6210,6213,6214,6215,6223,6225,6229,6231,6240
610,6247,6248,6253,6256,6257,6258,6259
611,6261,6262,6264,6265,6266,6267,6268,6269,6270,6271,6272,6273,6274,6275,6276
612,6277
613,6278
614,6279,6280,6281,6282
615,6283,6290,6292,6294,6296,6302,6304
616,6306,6308,6309,6310,6311,6312,6314,6316,6317,6318,6319,6320,6323,6324,6325,6328
617,6329,6330,6331,6332,6333,6334,6335,6336,6337,6338,6339,6340,6341,6342,6343,6344,6345,6346,6347,6348,6350,6351,6352,6353,6354,6355,6356,6357,6358,6359,6360,6361,6362,6363,6364,6365,6366,6367,6368,6369,6370,6371,6372,6373,6374,6375,6376,6377,6378,6379,6380,6381,6382,6383,6384,6385,6386,6387,6388,6389,6390
618,6391,6392,6393,6394,6395,6396,6397,6398,6399,6400,6401,6402,6403,6404
619,6405,6415
620,6421
621,6422
622,6423,6424,6426
623,6427,6428,6430,6431,6432,6434,6435,6436,6438,6439,6441,6442,6444,6445,6448
624,6450,6451,6452,6453,6454,6455,6457,6458,6459,6460,6461,6462,6463,6464,6465,6466,6467,6468,6469,6470,6471
625,6473,6474,6475,6477,6478,6480,6481,6482,6483,6484,6485,6486,6487,6488,6489,6491,6492,6494,6495,6496,6498,6499,6500,6501,6502,6503,6504,6505,6506,6507,6508,6511,6513,6514,6515,6516,6517,6519,6520,6521,6522,6523,6524,6525,6526,6527,6528,6529,6530,6531,6532,6533,6534
626,6535,6536,6538,6540,6541,6544,6545,6547
627,6549,6551,6552,6553,6554,6556,6557,6559,6560,6561,6562,6563,6564
628,6565
629,6566
630,6567
631,6571,6577,6579,6583,6584,6586,6587,6592
632,6594,6595,6596,6597,6600,6601,6602,6603,6604,6605,6606,6610,6613,6614,6616
633,6617,6620,6624,6627,6631,6632,6635,6645,6648,6651,6653,6654,6657,6659,6664,6668,6669,6671,6674,6675,6676,6677
634,6679,6680,6681,6682,6683,6684,6685,6686,6687,6688,6689,6692
635,6693,6694,6698
636,6709
637,6710
638,6711
639,6715,6720,6721,6726,6727
640,6738,6740,6741,6743,6744,6745,6750,6752,6755
641,6761,6767,6770,6772,6774,6777,6778,6779,6781,6783,6790,6795,6796,6804,6805,6808,6809,6811,6813,6814,6817,6821
642,6823,6825,6826,6830,6831,6833,6834,6836
643,6837,6838,6840,6841,6842,6844,6845,6847,6848,6849,6851,6852
644,6853
645,6854
646,6855,6856,6857,6858
647,6859,6861,6862,6863,6864,6868,6870,6873,6874,6875,6878,6881
648,6882,6884,6886,6887,6888,6889,6891,6893,6894,6895,6896,6897,6898,6899,6900,6901,6902,6904
649,6905,6908,6913,6923,6925,6926,6927,6934,6940,6949,6950,6959,6960,6962,6963,6966
650,6967,6968,6969,6971,6973,6974,6975,6976,6978,6979,6980
651,6981,6983,6984,6985,6988,6989,6992,6995
652,6997
653,6998
654,6999,7000,7002
655,7003,7015,7017,7018
656,7026,7028,7029,7030,7031,7032,7035,7036,7039,7040,7041,7042,7043,7048
657,7049,7083
658,7111,7115,7116,7119,7120,7123
659,7125,7131
660,7141
661,7142
662,7143,7145,7146
663,7147,7149,7150,7153,7156,7157,7159,7160,7161,7162,7163,7164,7165,7166,7167
664,7170,7171,7173,7174,7176,7178,7179,7180,7182,7184,7187,7188,7190,7192
665,7193,7194,7195,7196,7198,7199,7200,7201,7202,7203,7204,7205,7206,7207,7208,7209,7210,7211,7212,7213,7214,7215,7216,7217,7218,7219,7221,7222,7223,7225,7226,7227,7228,7229,7231,7232,7233,7234,7235,7236,7237,7238,7239,7240,7241,7242,7243,7244,7245,7248,7249,7250,7251,7252,7253,7254
666,7255,7262,7264,7267
667,7269,7275,7277,7278,7279,7282
668,7285
669,7286
670,7287,7288
671,7291,7300,7311
672,7314,7315,7316,7317,7318,7319,7320,7321,7322,7323,7324,7325,7326,7327,7328,7329,7330,7331,7332,7333,7334,7335,7336
673,7337,7338,7339,7340,7342,7343,7344,7345,7346,7347,7348,7350,7353,7354,7355,7356,7359,7360,7361,7363,7365,7366,7367,7369,7370,7371,7372,7374,7376,7378,7379,7381,7382,7383,7384,7385,7386,7387,7388,7389,7391,7392,7393,7394,7395,7396
674,7399,7404,7411,7412
675,7413,7414,7415,7416,7418,7419,7420,7421,7423,7424,7425,7427,7428
676,7429
677,7430
678,7431,7433
679,7435,7437,7438,7441,7443,7447,7452,7456
680,7458,7459,7463,7465,7466,7469,7470,7471,7476,7477,7478,7479
681,7481,7486,7490,7491,7496,7497,7498,7499,7501,7504,7506,7507,7508,7512,7517,7518,7521,7523,7525,7528,7531,7532,7533,7534,7536,7537,7539,7540,7541,7542
682,7543,7544,7550,7551,7552,7554,7555,7556
683,7557,7559,7560,7561,7562,7563,7566,7569,7571,7572
684,7573
685,7574
686,7575,7577,7578
687,7579,7580,7581,7582,7583,7584,7585,7586,7591,7593,7594,7595,7596,7597,7598,7601
688,7602,7603,7605,7606,7607,7608,7609,7610,7611,7612,7613,7614,7615,7618,7619,7620,7621,7622,7623,7624
689,7625,7626,7628,7631,7632,7634,7635,7638,7639,7641,7645,7646,7647,7649,7652,7654,7655,7660,7661,7662,7666,7667,7668,7669,7670,7671,7672,7673,7674,7675,7676,7677,7678,7679,7681,7682,7683
690,7687,7688,7692,7693,7694,7697
691,7701,7702,7703,7704,7706,7707,7708,7709,7710,7714,7715
692,7717
693,7718
694,7719,7721
695,7723,7732,7737,7739,7745
696,7746,7747,7749,7758,7759,7760,7764,7765
697,7769,7770,7771,7772,7775,7778,7779,7780,7782,7783,7784,7785,7786,7789,7790,7792,7793,7794,7795,7797,7798,7799,7800,7801,7802,7803,7804,7805,7807,7808,7809,7812,7813,7814,7815,7816,7817,7818,7820,7821,7822,7823,7824,7826,7827,7828,7829,7830
698,7831,7839
699,7845,7846,7847,7848,7849,7850,7851,7852,7853,7854,7855,7856,7857,7858,7859,7860
700,7861
701,7862
702,7863,7865
703,7867,7869,7870,7871,7872,7873,7874,7875,7876,7877,7878,7879,7880,7881,7882,7883,7884,7885,7886,7887,7888,7889
704,7890,7891,7892,7893,7894,7895,7896,7898,7899,7900,7901,7902,7903,7904,7905,7906,7908,7909,7910,7912
705,7913,7915,7917,7928,7939,7948,7960,7961,7967,7968
706,7975,7976,7978,7979,7981,7984,7987,7988
707,7989,7990,7991,7992,7993,7996,7997,7998,7999,8000,8001,8003,8004
708,8005
709,8006
710,8007,8009,8010
711,8011,8016,8017,8019,8021,8022,8023,8026,8027,8028,8029,8030,8032,8033
712,8034,8035,8036,8037,8039,8040,8041,8042,8043,8044,8045,8047,8049,8050,8051,8052,8053,8054,8055
713,8057,8059,8060,8094,8096,8108,8117
714,8119,8121,8123,8126,8128,8131,8132
715,8133,8136,8137,8138,8139,8140,8142,8143,8145,8147,8148
716,8149
717,8150
718,8151,8152,8153
719,8155,8156,8157,8158,8159,8160,8161,8162,8163,8164,8165,8166,8167,8168,8169,8170,8171,8172,8173,8174,8175,8176,8177
720,8178,8179,8180,8181,8182,8183,8184,8185,8186,8187,8188,8189,8190,8191,8192,8193,8194,8195,8196,8197,8198,8199,8200
721,8201,8202,8205,8206,8207,8212,8213,8217,8218,8219,8224,8225,8227,8231,8232,8233,8234,8235,8237,8246,8248,8250,8256,8257,8258,8259,8260
722,8263,8265,8266,8267,8268,8269,8271,8272,8273,8274,8276
723,8277,8278,8279,8280,8281,8282,8283,8284,8285,8286,8287,8288,8290,8291,8292
724,8293
725,8294
726,8295,8296,8297,8298
727,8299,8302,8306,8313,8314
728,8322
729,8345,8350,8356,8359,8360,8362,8364,8365,8370,8371,8377,8378,8382,8386,8389,8391,8392,8393,8397,8398,8401
730,8407,8409,8419
731,8421,8423,8430
732,8437
733,8438
734,8439,8440,8441,8442
735,8443,8444,8446,8448,8449,8450,8451,8452,8453,8454,8455,8456,8457,8458,8459,8460,8461,8462,8463,8464,8465
736,8466,8467,8468,8469,8470,8471,8478,8480,8481,8482,8483,8485,8486
737,8489,8490,8491,8492,8493,8494,8495,8496,8497,8498,8499,8500,8501,8502,8503,8504,8505,8506,8507,8508,8509,8510,8511,8512,8513,8514,8515,8516,8517,8519,8520,8521,8522,8524,8525,8527,8528,8529,8530,8531,8532,8533,8534,8535,8536,8537,8538,8539,8540,8541,8542,8543,8544,8545,8547,8548,8549,8550
738,8551,8552,8553,8555,8556,8557,8558,8559,8560,8561,8562,8563,8564
739,8565,8567,8568,8569,8570,8571,8572,8574,8575,8576,8578
740,8581
741,8582
742,8583,8584,8585,8586
743,8587,8588,8589,8590,8591,8593,8594,8595,8596,8598,8599,8600,8601,8603,8604,8605,8606,8607,8608,8609
744,8610,8612,8617,8619,8620,8621,8622,8628,8629
745,8633,8655,8682
746,8695,8701,8703,8704,8706
747,8709,8710,8712,8713,8718,8722
748,8725
749,8726
750,8727
751,8731,8732,8734,8739,8741,8743,8748,8749,8753
752,8754,8755,8757,8760,8762,8766,8768,8770,8771,8772
753,8777,8782,8783,8785,8790,8791,8793,8796,8798,8799,8800,8813,8815,8817,8818,8819,8821,8822,8823,8825,8826,8828,8829,8830,8832,8833,8834
754,8839,8843,8852
755,8853,8859,8862,8863,8864
756,8869
757,8870
758,8871,8872,8873,8874
759,8875,8881,8886,8888,8891
760,8898,8899,8902,8903,8904,8905,8907,8908,8909,8915,8916,8918,8919,8920
761,8921,8922,8923,8924,8925,8926,8927,8928,8929,8930,8931,8932,8933,8934,8935,8936,8937,8938,8940,8941,8942,8943,8944,8945,8946,8947,8948,8949,8950,8951,8952,8953,8954,8955,8956,8957,8958,8959,8960,8961,8962,8963,8964,8965,8966,8967,8968,8969,8970,8971,8972,8973,8974,8975,8976,8977,8978,8979,8980,8982
762,8983,8984,8985,8986,8988,8989,8994,8996
763,8997,8998,8999,9001,9004,9006,9008,9010,9011,9012
764,9013
765,9014
766,9015,9018
767,9019,9022,9023,9024,9027,9029,9030,9031,9032,9036,9037,9038,9039,9040,9041
768,9042,9043,9048,9049,9050,9051,9052,9055,9056,9057,9061,9064
769,9065,9077,9079,9080,9083,9084,9086,9097,9104,9105,9110
770,9127,9128,9129,9130,9131,9132,9133,9134,9135,9136,9137,9138,9139,9140
771,9141,9142,9144,9151,9152,9154,9156
772,9157
773,9158
774,9159,9161,9162
775,9163,9167,9169,9170,9174,9175,9176,9178,9179,9181,9182,9184
776,9186,9203
777,9209,9211,9212,9213,9214,9215,9216,9217,9219,9220,9221,9224,9225,9226,9227,9228,9230,9231,9232,9233,9234,9237,9239,9240,9241,9242,9243,9244,9245,9248,9249,9250,9251,9255,9256,9257,9258,9261,9263,9264,9265,9266,9267,9268,9269,9270
778,9271,9272,9273,9274,9275,9276,9277,9278,9279,9280,9281,9282,9283,9284
779,9285,9286,9288,9289,9293,9299,9300
780,9301
781,9302
782,9303,9304,9305,9306
783,9307,9315
784,9330,9331,9332,9335,9337,9338,9339,9340,9341,9342,9343,9344,9345,9346,9347,9348,9349,9351
785,9353,9354,9356,9358,9359,9361,9364,9365,9368,9373,9375,9378,9380,9383,9385,9388,9390,9391,9394,9396,9400,9407,9408,9412,9413
786,9415,9418
787,9429,9430,9431,9432,9434,9435,9436,9437,9438,9439,9440,9443
788,9445
789,9446
790,9447,9450
791,9451,9456,9460,9462,9463,9469,9470
792,9474,9476,9477,9480,9483,9484,9486,9488,9490,9491,9493,9494,9495,9496
793,9497,9501,9502,9504,9505,9506,9508,9509,9510,9512,9514,9516,9518,9522,9528,9529,9530,9531,9535,9537,9538,9539,9541,9542,9544,9545,9547,9551,9552,9557
794,9559,9561,9562,9563,9564,9565,9566,9567,9568,9569,9570,9571
795,9573,9574,9575,9576,9577,9578,9579,9580,9581,9582,9583,9584,9585,9586,9587,9588
796,9589
797,9590
798,9591,9593
799,9595,9600,9603,9610,9612,9616
800,9618,9619,9620,9621,9623,9624,9626,9627,9629,9630,9631,9632,9634,9635,9636,9637,9638,9639,9640
801,9641,9642,9645,9646,9647,9648,9649,9650,9651,9653,9655,9656,9657,9658,9660,9661,9662,9663,9664,9665,9666,9671,9672,9673,9674,9675,9676,9677,9680,9682,9683,9684,9685,9687,9689,9691,9692,9695,9696,9697,9701,9702
802,9703,9706,9709,9710,9711,9712,9713,9714,9716
803,9717,9718,9719,9720,9721,9722,9723,9724,9725,9726,9727,9728,9729,9730,9731,9732
804,9733
805,9734
806,9735,9737
807,9739,9743,9760
808,9762,9772,9779
809,9785,9792,9794,9800,9811,9816,9818,9821,9826,9828,9832,9833,9842,9846
810,9847,9849,9850,9852,9858,9859,9860
811,9861,9864,9865,9866,9868,9872,9874,9875
812,9877
813,9878
814,9879,9880,9881,9882
815,9883,9884,9885,9886,9887,9890,9891,9892,9893,9895,9896,9897,9898,9899,9900,9901,9902,9903,9904
816,9906,9907,9909,9911,9912,9913,9914,9915,9916,9917,9918,9919,9920,9921,9923,9924,9925,9926,9928
817,9929,9930,9931,9932,9933,9934,9935,9936,9939,9940,9941,9943,9944,9945,9947,9948,9951,9953,9955,9956,9957,9958,9959,9960,9961,9962,9963,9964,9965,9966,9967,9968,9969,9970,9971,9974,9976,9977,9978,9979,9980,9982,9984,9985,9987,9989,9990
818,9991,9993,9994,9996,9997,9998,9999,10000,10001,10002,10003,10004
819,10005,10006,10007,10008,10009,10010,10012,10014,10015,10016,10017,10018,10019
820,10021
821,10022
822,10023,10024,10025,10026
823,10027,10033,10040,10044,10046,10047
824,10050,10052,10065,10067
825,10073,10074,10075,10076,10077,10078,10079,10080,10081,10082,10083,10084,10085,10086,10087,10088,10091,10092,10093,10094,10095,10096,10097,10098,10099,10100,10101,10102,10103,10104,10105,10106,10107,10108,10109,10110,10111,10112,10113,10114,10115,10116,10117,10118,10119,10120,10121,10122,10124,10125,10127,10128,10129,10130,10131,10132,10133,10134
826,10135,10136,10137,10138,10139,10140,10141,10142,10143,10144,10145,10146,10147,10148
827,10149,10150,10151,10152,10153,10154,10155,10156,10157,10158,10159,10160,10161,10162,10163,10164
828,10165
829,10166
830,10167,10169
831,10171,10174,10180,10181,10184,10185,10188,10191
832,10194,10206,10207,10214
833,10217,10218,10219,10222,10223,10225,10227,10228,10230,10232,10235,10236,10242,10243,10244,10246,10250,10251,10253,10258,10259,10261,10262,10263,10266,10267,10271,10272,10273,10274,10275,10277
834,10279,10280,10283,10285,10287,10288,10290,10291
835,10293,10294,10295,10298,10299,10300,10302,10303,10304,10305,10306,10307,10308
836,10309
837,10310
838,10311,10312,10313,10314
839,10315,10316,10320,10323,10325,10328,10330,10331,10332,10334,10336
840,10338,10340,10345,10355,10360
841,10361,10370,10387,10406,10416,10420
842,10423,10424,10425,10427,10428,10429,10430,10431,10432,10433,10434,10435
843,10437,10439,10442,10443,10444,10446,10448,10450,10451,10452
844,10453
845,10454
846,10455,10456
847,10459,10461,10464,10466,10469,10473,10478,10479
848,10482,10487,10488,10489,10490,10491,10493,10494,10495,10496,10499,10500
849,10505,10506,10507,10509,10510,10511,10512,10513,10515,10516,10517,10518,10519,10520,10521,10522,10523,10524,10525,10526,10527,10528,10529,10530,10531,10533,10534,10535,10536,10537,10538,10539,10540,10541,10542,10543,10544,10545,10546,10547,10548,10549,10550,10551,10552,10553,10554,10555,10556,10557,10558,10559,10560,10561,10562,10563,10564,10565,10566
850,10567,10569,10570,10573,10575,10578
851,10581,10583,10584,10586,10588,10589,10590,10593,10595,10596
852,10597
853,10598
854,10599,10600,10601
855,10603,10604,10605,10606,10607,10608,10609,10610,10613,10614,10615,10616,10617,10618,10620,10622,10625
856,10626,10627,10629,10631,10635,10637,10640,10642,10645,10648
857,10649,10650,10651,10652,10654,10655,10656,10657,10658,10659,10660,10662,10663,10665,10666,10667,10668,10669,10671,10672,10673,10674,10675,10676,10677,10678,10679,10680,10681,10682,10683,10685,10686,10687,10688,10689,10690,10691,10692,10693,10695,10696,10697,10698,10700,10702,10703,10704,10707,10708,10709,10710
858,10711,10715,10716,10718,10719,10721,10724
859,10725,10726,10731
860,10741
861,10742
862,10743,10745,10746
863,10747,10748,10749,10750,10751,10752,10753,10754,10755,10757,10758,10760,10761,10762,10763,10764,10765,10766,10767,10768,10769
864,10770,10771,10772,10773,10774,10775,10777,10778,10779,10780,10781,10782,10784,10785,10787,10789,10790,10791,10792
865,10793,10797,10799,10805,10809,10810,10812,10816,10822,10824,10825,10826,10827,10832,10835,10836,10839,10840,10841,10842,10844,10845,10846,10847,10848,10849,10850
866,10855,10860,10867
867,10869,10871,10873,10874,10877,10878,10880,10881,10882,10883,10884
868,10885
869,10886
870,10887,10888
871,10891,10892,10893,10894,10895,10896,10897,10898,10899,10900,10901,10902,10903,10904,10905,10906,10907,10908,10909,10910,10911,10912,10913
872,10914,10917,10928
873,10937,10938,10939,10940,10941,10942,10943,10944,10945,10946,10947,10948,10949,10950,10951,10952,10954,10955,10956,10957,10958,10959,10960,10962,10964,10965,10967,10968,10970,10973,10974,10975,10977,10978,10979,10980,10981,10982,10983,10985,10986,10987,10988,10989,10990,10991,10992,10993,10994,10995,10998
874,10999,11004,11005,11007
875,11013,11016,11018,11019,11026
876,11029
877,11030
878,11031,11034
879,11035,11037,11038,11039,11040,11041,11043,11044,11045,11046,11047,11048,11049,11051,11053,11054,11055,11056,11057
880,11058,11059,11060,11061,11062,11064,11065,11066,11067,11068,11069,11070,11071,11072,11073,11074,11075,11076,11077,11078,11079,11080
881,11081,11089,11098,11100,11102,11105,11117,11119,11121,11126,11128,11129,11130,11131,11132,11136,11137,11138,11140,11141
882,11143,11145,11148,11150,11152,11153
883,11157,11159,11161,11162,11163,11164,11165,11166,11170
884,11173
885,11174
886,11175,11176,11177
887,11179,11180,11181,11183,11184,11185,11187,11191,11192,11194,11196,11197,11198,11199,11200
888,11202,11209,11211,11220
889,11225,11226,11229,11232,11234,11236,11237,11238,11240,11244,11245,11246,11247,11248,11252,11253,11255,11256,11257,11259,11261,11263,11264,11268,11270,11271,11273,11275,11276,11277,11279,11280,11281,11282,11284,11285,11286
890,11287,11291,11296,11297,11299,11300
891,11301,11304,11312
892,11317
893,11318
894,11319,11320,11321
895,11323,11324,11325,11327,11328,11329,11330,11331,11339,11343,11345
896,11346,11347,11348,11353,11359,11362,11363,11364,11365,11366,11368
897,11369,11370,11375,11386,11387,11388,11392,11396,11398,11404,11427
898,11431,11432,11433,11434,11435,11437,11440,11441,11442,11444
899,11445,11446,11447,11448,11449,11450,11451,11452,11453,11454,11455,11456,11457,11458,11459,11460
900,11461
901,11462
902,11463,11464,11466
903,11467,11473,11478
904,11490,11491,11493,11494,11495,11496,11497,11498,11499,11500,11501,11502,11503,11504,11505,11506,11507,11508,11509,11510,11511,11512
905,11513,11514,11518,11521,11528,11531,11532,11533,11534,11535,11536,11539,11540,11543,11544,11545,11546,11548,11549,11550,11551,11552,11554,11556,11557,11558,11563,11565,11566,11568,11569,11571,11572,11573,11574
906,11575,11580,11582
907,11589,11590,11591,11593,11596,11597,11598,11599,11600,11601,11602,11604
908,11605
909,11606
910,11607,11608,11609,11610
911,11611,11621,11626,11627,11628
912,11634,11637,11639,11641,11642,11653,11655
913,11657,11661,11663,11665,11668,11669,11670,11672,11674,11675,11676,11679,11684,11686,11687,11688,11689,11691,11692,11693,11694,11695,11696,11697,11699,11700,11701,11703,11707,11708,11713,11714,11716,11718
914,11719,11720,11724,11725,11726,11728,11729,11730
915,11733,11735,11736,11738,11740,11741,11744,11747,11748
916,11749
917,11750
918,11751,11752,11753,11754
919,11755,11757,11760,11764,11770
920,11778,11790
921,11801,11803,11805,11806,11810,11811,11812,11813,11815,11816,11817,11818,11820,11821,11823,11824,11825,11826,11828,11829,11831,11832,11833,11834,11835,11836,11837,11839,11841,11842,11843,11844,11846,11849,11850,11852,11853,11854,11855,11857,11858,11860,11861,11862
922,11863,11864,11865,11866,11867,11868,11869,11870,11871,11872,11873,11874,11875,11876
923,11877,11878,11879,11882,11883,11885,11886,11888,11890,11891,11892
924,11893
925,11894
926,11895,11896
927,11899,11902,11908,11912,11920,11921
928,11922,11924,11925,11926,11927,11929,11930,11932,11933,11934,11937,11939,11940,11942,11944
929,11945,11958,11962,11965,11983,11997,12004
930,12007,12008,12010,12012,12014,12015,12016,12017,12019,12020
931,12021,12025,12026
932,12037
933,12038
934,12039,12040,12041,12042
935,12043,12047,12051,12054,12055,12058
936,12066,12067,12068,12070,12071,12074,12075,12077,12083,12088
937,12089,12114,12117
938,12151,12161
939,12165,12166,12167,12168,12170,12171,12172,12173,12174,12175,12176,12177,12178
940,12181
941,12182
942,12183,12184,12185,12186
943,12187,12188,12189,12190,12191,12192,12193,12194,12195,12196,12197,12198,12199,12200,12201,12202,12203,12204,12205,12206,12207,12208,12209
944,12210,12213,12217,12219,12220,12223,12225,12226,12227,12231,12232
945,12233,12235,12236,12237,12238,12240,12243,12244,12247,12248,12253,12257,12258,12262,12263,12266,12269,12270,12271,12272,12273,12275,12280,12282,12285,12286,12287,12290
946,12295,12301,12308
947,12309,12310,12318,12322
948,12325
949,12326
950,12327,12328,12329,12330
951,12331,12337,12338,12340,12341,12343,12344,12345,12346,12347,12349,12350,12351,12352
952,12354,12355,12356,12357,12358,12359,12360,12361,12362,12363,12364,12365,12366,12367,12368,12369,12370,12371,12372,12373,12374,12375,12376
953,12377,12380,12381,12382,12385,12386,12391,12392,12396,12398,12400,12410,12411,12414,12416,12418,12420,12432,12433,12435,12436,12437
954,12439,12441,12442,12444,12446,12447,12449,12451
955,12453,12465,12468
956,12469
957,12470
958,12471,12472,12473,12474
959,12475,12489,12494
960,12498,12499,12500,12501,12503,12506,12512,12514,12516,12517
961,12521,12525,12534,12536,12541,12544,12545,12548,12549,12550,12551,12554,12556,12557,12563,12565,12570,12573,12576,12580,12582
962,12583,12584,12586,12587,12588,12589,12590,12591,12592,12593,12594
963,12597,12598,12601,12602,12603,12604,12606,12607,12608,12611,12612
964,12613
965,12614
966,12615,12617,12618
967,12619,12620,12622,12623,12624,12625,12626,12630,12631,12633,12634,12637,12639,12640,12641
968,12642,12643,12644,12645,12646,12647,12648,12651,12652,12653,12654,12655,12656,12658,12659,12660,12661,12662,12664
969,12665,12667,12668,12669,12672,12673,12675,12678,12684,12688,12690,12691,12695,12696,12699,12700,12701,12704,12705,12708,12713,12715,12717,12721,12722,12723,12724,12725,12726
970,12727,12738
971,12741,12742,12744,12750,12753
972,12757
973,12758
974,12759,12762
975,12763,12764,12765,12766,12767,12768,12769,12770,12771,12774,12776,12777,12778,12783
976,12786,12787
977,12809,12817,12818,12824,12829,12831,12840,12843,12853,12868
978,12871,12872,12873,12874,12875,12876,12877,12878,12879,12880,12881,12882,12883,12884
979,12885,12892,12893,12899
980,12901
981,12902
982,12903,12904,12905,12906
983,12907,12909,12910,12912,12918,12921
984,12930,12931,12932,12933,12935,12936,12937,12938,12939,12941,12942,12943,12947,12948,12949,12951,12952
985,12953,12956,12960,12967,12976,12977,12979,12982,12983,12991,12999,13000,13003,13004,13005,13006,13011,13014
986,13015,13017,13021,13022,13023,13027
987,13029,13033,13037,13039,13041,13042
988,13045
989,13046
990,13047,13048,13049
991,13051,13052,13053,13054,13055,13057,13058,13060,13061,13063,13064,13065,13066,13067,13068,13069,13070,13071,13072,13073
992,13074,13084,13091
993,13097,13098,13100,13102,13107,13108,13110,13113,13114,13122,13123,13124,13127,13131,13132,13133,13134,13137,13140,13146,13149,13152,13157,13158
994,13159,13160,13161,13162,13164,13166,13167,13168,13169,13170,13172
995,13173,13180,13183,13187,13188
996,13189
997,13190
998,13191,13192,13193,13194
999,13195,13197,13199,13202,13207,13210,13214,13215
1000,13218,13220,13221,13223,13225,13227,13228,13230,13231,13232,13233,13234,13235,13236,13237,13238,13239,13240
1001,13241,13244,13246,13255,13258,13262,13270,13273,13275,13281,13283,13286,13287,13289,13290,13291,13295,13296,13299
1002,13303,13304,13305,13311,13312,13314,13316
1003,13317,13318,13320,13324,13325,13330,13332
1004,13333
1005,13334
1006,13335,13337
1007,13339,13340,13341,13342,13343,13344,13346,13347,13348,13351,13354,13355,13356,13357,13358
1008,13362,13363,13364,13365,13366,13367,13368,13370,13371,13372,13373,13374,13375,13377,13378,13379,13381,13383,13384
1009,13385,13390,13391,13392,13393,13394,13395,13397,13399,13402,13403,13405,13406,13412,13414,13418,13419,13420,13422,13423,13424,13426,13431,13432,13434,13435,13437,13438,13443,13444,13446
1010,13447,13448,13450,13451,13453,13454,13455,13456,13457
1011,13461,13464
1012,13477
1013,13478
1014,13479,13480,13481,13482
1015,13483,13487,13493,13495,13499,13501,13503,13505
1016,13506,13509,13510,13511,13513,13515,13517,13519,13521,13522,13523,13526
1017,13529,13530,13531,13533,13535,13536,13539,13545,13546,13547,13553,13557,13558,13572,13573,13576,13577,13579,13583,13584,13585,13587,13589
1018,13591,13592,13600,13603,13604
1019,13605,13607,13611,13612,13613,13618
1020,13621
1021,13622
1022,13623,13624,13626
1023,13627,13628,13629,13630,13632,13633,13635,13639,13642,13643,13644,13648
1024,13650,13652,13654,13656,13657,13658,13659,13660,13661,13662,13663,13664,13666,13667,13668,13669,13671,13672
1025,13673,13674,13675,13676,13677,13678,13686,13688,13689,13691,13694,13697,13699,13702,13703,13705,13706,13710,13711,13712,13713,13716,13719,13720,13722,13725,13726,13731,13732,13734
1026,13735,13736,13737,13738,13741,13743,13746,13748
1027,13749,13750,13751,13752,13755,13757,13758,13759,13760,13761,13762,13763,13764
1028,13765
1029,13766
1030,13767,13768,13769,13770
1031,13771,13791,13792
1032,13794,13796,13797,13798,13799,13802,13805,13806,13813,13814,13815,13816
1033,13817,13824,13827,13830,13835,13839,13842,13844,13845,13848,13856,13859,13861,13863,13867,13871,13876
1034,13879,13880,13881,13882,13883,13884,13885,13886,13887,13888,13889,13890,13891,13892
1035,13893,13896,13898,13903,13904,13905,13906,13908
1036,13909
1037,13910
1038,13911,13912,13913,13914
1039,13915,13919,13920,13928,13929,13930,13932,13933,13935
1040,13938,13940,13945,13949
1041,13961,13962,13964,13982,13983,13991,14005
1042,14023,14026,14030,14036
1043,14037,14038,14039,14040,14041,14042,14043,14044,14045,14046,14047,14048,14049,14050,14051,14052
1044,14053
1045,14054
1046,14055,14057,14058
1047,14059,14060,14061,14062,14066,14067,14068,14071,14072,14075,14076,14080
1048,14082,14083,14084,14085,14086,14087,14088,14089,14090,14091,14092,14093,14095,14096,14097,14098,14099,14100,14101,14102,14104
1049,14105,14113,14115,14116,14120,14127,14129,14133,14136,14138,14139,14140,14144,14146,14148,14153,14154,14156,14160,14161,14165,14166
1050,14167
1051,14181,14182,14184,14186,14187,14188,14189,14190,14191,14192,14193,14194,14195
1052,14197
1053,14198
1054,14199,14201
1055,14203,14224
1056,14226,14228,14229,14230,14232,14233,14243,14244
1057,14249,14250,14253,14255,14258,14260,14262,14263,14264,14266,14268,14269,14270,14274,14275,14276,14279,14280,14288,14289,14290,14291,14293,14296,14301,14302,14303,14304,14305,14308
1058,14311,14313,14318
1059,14325,14326,14328,14330,14331,14332,14333,14335,14336,14337,14338,14339,14340
1060,14341
1061,14342
1062,14343,14345,14346
1063,14347,14351,14352,14353,14356,14357,14358,14360,14361,14363,14365,14367,14368
1064,14370,14371,14372,14373,14374,14375,14376,14377,14378,14379,14380,14381,14382,14383,14384,14385,14386,14387,14388,14389,14390,14391,14392
1065,14393,14394,14395,14397,14398,14400,14401,14403,14404,14406,14407,14408,14409,14410,14412,14413,14416,14417,14418,14419,14420,14422,14423,14424,14425,14426,14427,14428,14429,14430,14431,14432,14436,14437,14439,14442,14443,14444,14445,14446,14448,14451,14454
1066,14455,14459,14460,14462,14463,14464,14465,14467
1067,14469,14470,14476
1068,14485
1069,14486
1070,14487,14488,14489,14490
1071,14491,14492,14493,14494,14495,14496,14497,14498,14499,14502,14503,14504,14505,14506,14508,14509,14510,14512,14513
1072,14514,14515,14517,14519,14521,14523,14525,14526,14527,14531,14534
1073,14537,14538,14542,14543,14544,14545,14546,14547,14548,14549,14550,14551,14552,14553,14554,14556,14561,14562,14565,14566,14567,14568,14569,14570,14571,14573,14574,14575,14576,14577,14578,14579,14580,14581,14583,14584,14585,14586,14588,14589,14590,14591,14592,14593,14596,14597,14598
1074,14599,14600,14601,14602,14604,14605,14606,14607,14609,14610,14611
1075,14613,14617,14623,14626,14627,14628
1076,14629
1077,14630
1078,14631,14632,14634
1079,14635,14637,14638,14642,14645,14647,14648,14653,14656
1080,14658,14667,14679
1081,14681,14689,14703,14713,14714,14729
1082,14743,14744,14745,14746,14747,14748,14750,14751,14752,14753,14755
1083,14757,14758,14761,14762,14763,14764,14766,14768,14770,14771
1084,14773
1085,14774
1086,14775,14776
1087,14779,14786,14790,14795
1088,14802,14807,14809,14811,14813,14816,14819,14820
1089,14825,14826,14827,14828,14829,14830,14831,14832,14833,14834,14835,14837,14838,14839,14840,14841,14842,14843,14844,14845,14846,14847,14848,14849,14850,14851,14852,14853,14854,14855,14856,14857,14859,14860,14861,14862,14863,14864,14865,14866,14867,14868,14869,14870,14871,14872,14873,14874,14875,14876,14877,14878,14879,14880,14881,14882,14883,14884,14885,14886
1090,14887,14888,14889,14890,14892,14895,14896,14897,14898,14899,14900
1091,14901,14911,14915
1092,14917
1093,14918
1094,14919,14920,14921,14922
1095,14923,14925,14927,14928,14930,14931,14933,14934,14936,14937,14938,14939,14940,14944
1096,14946,14949,14950,14958
1097,14969,14972,14975,14976,14977,14980,14981,14987,14988,14989,14990,14991,14992,14993,14996,14999,15000,15001,15002,15003,15006,15008,15010,15015,15017,15018,15020,15021,15024,15028,15029
1098,15031,15032,15033,15036,15037,15038,15039,15040,15041,15042,15043
1099,15045,15047,15048,15050,15051,15052,15053,15057,15058,15059,15060
1100,15061
1101,15062
1102,15063,15064,15066
1103,15067,15071,15073,15075,15077,15079,15084,15086,15087
1104,15090,15097,15102,15106,15107,15108,15109,15112
1105,15113,15122,15142,15143,15171
1106,15175,15176,15178,15179,15180,15181,15182,15184,15185,15186,15187
1107,15189,15201,15204
1108,15205
1109,15206
1110,15207,15209,15210
1111,15211,15212,15213,15215,15216,15217,15219,15220,15222,15223,15225,15226,15227,15228,15230,15231,15233
1112,15234,15235,15236,15238,15243,15245,15247,15250,15253,15254,15256
1113,15257,15258,15259,15261,15262,15264,15265,15266,15268,15269,15270,15272,15273,15274,15275,15276,15277,15278,15279,15280,15282,15284,15285,15286,15287,15288,15289,15291,15293,15296,15297,15299,15300,15301,15302,15303,15304,15305,15306,15307,15308,15309,15310,15312,15315,15318
1114,15319,15320,15322,15323,15324,15325,15326,15328,15330,15332
1115,15333,15334,15342,15344,15347,15348
1116,15349
1117,15350
1118,15351
1119,15355,15356,15357,15359,15360,15361,15362,15363,15364,15365,15366,15367,15368,15369,15370,15371,15372,15374,15375,15376,15377
1120,15378,15385,15386,15387,15393,15398,15399
1121,15401,15402,15403,15406,15407,15409,15411,15414,15416,15419,15424,15428,15429,15431,15432,15433,15434,15435,15437,15438,15443,15446,15447,15451,15452,15453,15454,15455,15456,15458
1122,15463,15466,15467,15468,15470,15475,15476
1123,15477,15478,15479,15481,15482,15483,15484,15486,15488,15489,15491,15492
1124,15493
1125,15494
1126,15495,15496,15497,15498
1127,15499,15500,15501,15502,15503,15504,15506,15507,15508,15509,15510,15512,15513,15514,15515,15516,15517,15518,15519,15520,15521
1128,15522,15524,15525,15526,15529,15530,15531,15532,15533,15534,15536,15537,15538,15539,15540,15541,15542,15543,15544
1129,15545,15546,15548,15550,15551,15552,15553,15554,15555,15557,15558,15560,15561,15563,15564,15565,15566,15567,15568,15569,15570,15571,15575,15576,15578,15579,15582,15583,15584,15586,15587,15589,15591,15593,15594,15595,15596,15597,15598,15600,15601,15602,15603,15604,15605,15606
1130,15607,15608,15609,15610,15611,15612,15613,15614,15615,15616,15617,15618,15620
1131,15621,15622,15623,15624,15625,15627,15628,15629,15630,15631,15632,15633,15634,15635,15636
1132,15637
1133,15638
1134,15639,15640,15641
1135,15643,15646,15648,15650,15651,15656,15657,15658,15659,15660,15661,15662
1136,15666,15667,15668,15670,15671,15672,15673,15674,15676,15677,15679,15681,15682,15683,15687,15688
1137,15689,15748
1138,15751,15752,15754,15755,15757,15758,15759,15760,15761,15762,15764
1139,15765,15767,15768,15773,15774,15776,15777,15780
1140,15781
1141,15782
1142,15783,15785,15786
1143,15787,15788,15789,15790,15791,15792,15793,15794,15795,15796,15797,15798,15799,15800,15801,15802,15803,15804,15806,15807,15808,15809
1144,15810,15811,15814,15815,15816,15817,15818,15822,15823,15824,15830,15831,15832
1145,15833,15834,15836,15840,15843,15844,15847,15849,15850,15851,15852,15854,15855,15856,15857,15858,15863,15865,15866,15867,15871,15873,15876,15877,15880,15881,15882,15884,15885,15886,15887,15888,15889,15893
1146,15895,15899,15903
1147,15909,15913,15914,15917,15918,15921,15924
1148,15925
1149,15926
1150,15927,15928
1151,15931,15932,15935,15940,15941,15946,15952
1152,15954,15956,15957,15958,15962,15970,15971,15972,15973,15974,15976
1153,15977,15978,15981,15983,15984,15986,15987,15988,15989,15991,15992,15994,15995,15996,15997,16000,16001,16002,16003,16005,16007,16010,16011,16012,16014,16015,16016,16017,16018,16019,16021,16023,16024,16025,16026,16027,16028,16029,16032,16034,16035,16037,16038
1154,16039,16040,16041,16044,16045,16046,16047,16048,16049,16050,16051,16052
1155,16053,16054,16057,16059,16061,16063,16065,16066
1156,16069
1157,16070
1158,16071,16072,16073,16074
1159,16075,16077,16078,16079,16082,16083,16084,16085,16087,16089,16093,16094,16096
1160,16098,16099,16101,16102,16103,16104,16105,16109,16110,16111,16114,16115,16116,16119,16120
1161,16121,16122,16123,16124,16125,16126,16128,16129,16130,16131,16133,16134,16135,16136,16137,16139,16140,16141,16142,16143,16144,16145,16147,16148,16149,16151,16152,16153,16154,16155,16156,16157,16158,16161,16164,16165,16167,16168,16170,16171,16174,16175,16176,16177,16178,16179,16180,16181,16182
1162,16183,16184,16185,16186,16187,16189,16190,16191,16194,16195,16196
1163,16197,16198,16199,16202,16204,16207,16208,16209,16210,16212
1164,16213
1165,16214
1166,16215,16216,16217,16218
1167,16219,16221,16222,16223,16224,16225,16226,16227,16228,16230,16232,16235,16237,16238,16239,16240,16241
1168,16242,16243,16244,16249,16250,16251,16253,16254,16255,16256,16257,16258,16259,16264
1169,16265,16282,16301
1170,16327,16328,16332,16333,16335,16339
1171,16341,16343,16344,16346,16347,16350,16355
1172,16357
1173,16358
1174,16359,16360,16361,16362
1175,16363,16368,16370
1176,16386,16387,16388,16389,16390,16391,16392,16393,16394,16396,16397,16398,16399,16400,16401,16403,16404,16405,16406,16407,16408
1177,16409,16410,16412,16414,16416,16419,16420,16423,16428,16429,16430,16432,16433,16434,16435,16439,16440,16443,16447,16449,16450,16452,16454,16455,16457,16458,16460,16462,16464,16466,16469
1178,16471,16483
1179,16485,16487,16488,16489,16490,16491,16492,16496,16497,16498
1180,16501
1181,16502
1182,16503,16504,16505,16506
1183,16507,16508,16509,16511,16513,16514,16515,16518,16519,16520,16521,16522,16523,16524,16525,16526,16527,16529
1184,16530,16531,16532,16537,16538,16539,16541,16542,16544,16546,16552
1185,16553,16555,16557,16560,16561,16567,16569,16570,16571,16572,16573,16575,16581,16582,16584,16589,16593,16596,16604,16608,16610
1186,16615,16617,16618,16619,16620
1187,16629,16634,16635,16638,16640,16641,16642,16644
1188,16645
1189,16646
1190,16647,16650
1191,16651,16659,16662,16665,16668,16669,16671,16673
1192,16674,16675,16676,16677,16678,16679,16683,16685,16689,16694,16696
1193,16697,16698,16699,16702,16703,16707,16711,16712,16713,16714,16715,16716,16717,16718,16721,16723,16724,16726,16727,16729,16730,16731,16734,16735,16736,16738,16740,16741,16742,16743,16745,16750,16751,16752,16754,16755,16757,16758
1194,16759,16760,16761,16762,16763,16764,16765,16767,16768,16770,16772
1195,16773,16775,16778,16779,16780,16781,16782,16783,16784,16787,16788
1196,16789
1197,16790
1198,16791,16792
1199,16795,16805,16807,16816
1200,16818,16819,16821,16822,16823,16824,16825,16826,16827,16828,16829,16830,16831,16832,16833,16834,16835,16836,16837,16838,16839,16840
1201,16841,16861,16889,16891
1202,16903,16905,16909,16916
1203,16917,16921,16924,16926,16927,16928,16929,16930,16931,16932
1204,16933
1205,16934
1206,16935,16936,16937,16938
1207,16939,16941,16942,16943,16944,16945,16947,16951,16953,16956,16957,16961
1208,16962,16963,16971,16974,16979,16980,16981,16982,16984
1209,16985,16987,16992,16993,16994,17008,17019,17031,17042,17043
1210,17047,17048,17052,17053,17055,17057,17059
1211,17061,17064,17071,17074,17075,17076
1212,17077
1213,17078
1214,17079,17082
1215,17083,17094
1216,17106,17107,17111,17115,17116,17120
1217,17129,17131,17132,17134,17135,17136,17137,17138,17139,17140,17141,17142,17143,17144,17145,17147,17148,17149,17150,17151,17152,17153,17154,17155,17156,17157,17158,17159,17160,17161,17162,17163,17164,17165,17166,17167,17168,17169,17170,17171,17172,17174,17175,17176,17177,17179,17181,17182,17183,17184,17185,17187,17188,17190
1218,17191,17192,17195,17196,17199,17202,17203,17204
1219,17205,17207
1220,17221
1221,17222
1222,17223,17224,17225,17226
1223,17227,17228,17229,17230,17231,17232,17233,17234,17235,17236,17237,17238,17239,17240,17241,17242,17243,17244,17245,17246,17247,17248,17249
1224,17250,17251,17252,17253,17256,17257,17258,17259,17260,17262,17263,17264,17265,17266,17267,17268,17269,17270,17271,17272
1225,17273,17279,17280,17282,17284,17293,17298,17299,17300,17302,17305,17307,17308,17310,17311,17313,17315,17317,17323,17324,17325,17326,17329,17330,17331,17332
1226,17335,17336,17337,17343,17348
1227,17349,17360,17362,17363
1228,17365
1229,17366
1230,17367,17368,17369,17370
1231,17371,17372,17379,17384,17386,17387,17388,17389,17390,17391,17392,17393
1232,17394,17399,17400,17404,17409,17410,17412
1233,17417,17427,17456,17463,17464
1234,17479,17482,17484,17485,17486,17487,17488,17491,17492
1235,17493,17494,17495,17496,17497,17498,17499,17500,17501,17502,17503,17504,17505,17506,17507,17508
1236,17509
1237,17510
1238,17511,17512,17514
1239,17515,17516,17520,17525,17526,17529,17532,17533,17534,17537
1240,17538,17542,17544,17545,17548,17550,17552,17555,17557,17558
1241,17561,17562,17563,17564,17565,17567,17568,17569,17570,17572,17573,17574,17575,17576,17577,17579,17580,17581,17582,17584,17585,17586,17587,17588,17589,17590,17591,17593,17594,17595,17597,17598,17599,17600,17601,17602,17603,17604,17605,17607,17608,17609,17610,17612,17613,17616,17617,17618,17620,17621,17622
1242,17623,17624,17625,17626,17627,17628,17629,17630,17631,17632,17633,17636
1243,17637,17640,17641,17644,17647,17649
1244,17653
1245,17654
1246,17655,17656,17658
1247,17659,17660,17666,17669,17670,17676,17678,17680
1248,17682,17683,17685,17688,17690,17692,17694,17695,17698,17699,17702,17703,17704
1249,17705,17710,17715,17717,17720,17722,17723,17724,17729,17731,17732,17735,17744,17745,17750,17752,17753,17755,17756,17764
1250,17767,17769,17770,17771,17773,17774,17775,17776,17777,17778,17779,17780
1251,17781,17787
1252,17797
1253,17798
1254,17799,17800,17802
1255,17803,17804,17805,17806,17807,17808,17809,17810,17811,17812,17813,17814,17815,17816,17817,17818,17819,17820,17821,17822,17823,17824,17825
1256,17826,17827,17828,17829,17830,17831,17832,17833,17834,17835,17836,17838,17839,17840,17841,17842,17843,17844,17845,17847,17848
1257,17849,17851,17857,17864,17871,17872,17873,17878,17880,17887,17889,17890,17895,17902,17904,17905,17908
1258,17911,17912,17916,17917,17918,17919,17921,17922,17923,17924
1259,17925,17928,17932,17935,17939,17940
1260,17941
1261,17942
1262,17943,17945
1263,17947,17950,17951,17954,17957,17959,17960,17961,17962,17963,17964,17965,17968
1264,17970,17971,17972,17974,17975,17976,17977,17978,17980,17981,17983,17984,17986,17988,17991
1265,17993,17994,17999,18002,18005,18008,18009,18013,18015,18019,18021,18023,18025,18027,18029,18030,18032,18033,18036,18038,18039,18042,18043,18044,18045,18048,18049,18051,18053
1266,18055,18057,18062,18064,18067,18068
1267,18069,18071
1268,18085
1269,18086
1270,18087,18089
1271,18091,18092,18099,18103,18110,18111,18112
1272,18114,18116,18117,18118,18119,18120,18121,18122,18123,18124,18125,18126,18127,18128,18129,18130,18131,18132,18133,18134,18136
1273,18137,18140,18160,18169,18170,18173,18174,18176,18181,18191,18194,18197
1274,18199,18200,18201,18202,18203,18204,18206,18207,18210
1275,18213,18214,18215,18216,18223,18224,18225,18228
