256,1
257,2
258,3,4,5,6
259,7
260,8
261,9
262,10,11,12,13
263,14,15,19,23
264,24,30,33
265,34,36,37,39,44,45,46,52,53,55,58,59,61,63,66,70
266,71,72,73,74
267,75,76,77,78,80,82,83
268,85
269,86
270,87,89
271,91,93,94,95,98,103,105,106,107,109,110,111,112,113
272,114,117,119,126,134
273,137,138,139,140,142,144,147,148,149,151,152,153,154,156,157,158,159,160,162,164,166,168,173,174,175,176,178,179,180,182,183,184,185,186,187,188,190,191,192,193,194,195,196,197,198
274,199,208
275,213,214,215,218,228
276,229
277,230
278,231,232,233
279,235,236,237,238,239,241,244,249,252,254
280,258,263,270,272
281,281,282,283,285,286,287,289,290,291,292,293,294,295,296,298,299,300,301,302,303,304,305,306,307,308,309,310,311,312,313,314,316,317,318,319,320,321,322,323,324,325,326,327,328,330,331,332,333,334,335,336,337,338,339,341,342
282,343,349
283,357,358,359,360,361,362,363,364,365,366,367,368,369,370,371,372
284,373
285,374
286,375,376,377
287,379,381,382,383,384,385,386,388,389,390,393,395,396,398,400,401
288,402,404,405,406,407,409,410,411,412,413,414,415,416,417,418,419,421,422,423
289,425,426,427,430,431,432,435,437,438,440,442,443,449,451,452,457,459,461,467,469,471,472,476,477,478,479,484,485,486
290,487,488,489,490,491,492,493,494,495,496,497,499
291,501,502,503,504,505,506,507,508,509,510,511,512,513,514,515,516
292,517
293,518
294,519
295,523,528,529,537,538,542,544,545
296,546,547,548,549,550,551,552,553,554,555,556,557,558,559,560,561,562,563,564,565,566,567,568
297,569,575,576,577,578,583,586,587,588,589,590,592,593,595,597,598,599,600,602,603,606,607,609,621,623,628,629
298,631,632,638,640,641,642,644
299,645,646,647,649,650,652,653,654,655,656,657,658,659,660
300,661
301,662
302,663,664,665,666
303,667,672,673,674,675,676,677,678,679,680,682,684,685,686,687,688
304,690,691,694,697,699,700,703,704,705,706,708,711,712
305,713,715,716,718,719,720,721,723,725,726,727,730,731,733,734,736,737,739,740,741,742,743,748,749,754,756,757,758,760,761,763,765,766,767,768,769,771
306,775,778,783,787
307,789,792,795
308,805
309,806
310,807,808
311,811,812,813,814,815,816,817,818,819,820,821,822,823,824,825,826,828,830,831
312,834,835,837,838,839,840,841,843,844,845,846,847,848,850,852,853,854,855,856
313,857,860,861,866,875,884,885,886,890,899,902,904,907,911
314,919,921,931
315,933,934,935,936,937,938,939,940,941,942,943,944,945,946,947,948
316,949
317,950
318,951,952
319,955,956,957,958,959,961,962,963,964,965,967,968,971,972,973,974,975,976
320,978,980,987,994,995,996
321,1001,1003,1005,1006,1007,1010,1011,1013,1014,1015,1016,1019,1020,1021,1022,1023,1025,1026,1027,1028,1029,1030,1031,1032,1035,1036,1037,1038,1039,1040,1041,1042,1043,1045,1048,1050,1051,1052,1053,1058,1059,1060,1062
322,1063,1065,1068,1073,1076
323,1077,1078,1079,1080,1082,1085,1092
324,1093
325,1094
326,1095,1097
327,1099,1100,1104,1105,1106,1107,1108,1112,1113,1114,1115,1120,1121
328,1122,1124,1125,1126,1127,1128,1129,1130,1131,1132,1133,1134,1135,1136,1137,1138,1139,1140,1141,1142,1143,1144
329,1145,1146,1147,1149,1150,1151,1153,1154,1155,1156,1157,1158,1159,1160,1161,1162,1163,1164,1165,1168,1169,1170,1171,1172,1173,1174,1175,1176,1177,1178,1179,1180,1181,1182,1183,1184,1185,1186,1187,1188,1189,1190,1191,1192,1193,1194,1195,1196,1197,1198,1199,1200,1201,1202,1203,1204,1205,1206
330,1207,1215
331,1221,1225,1236
332,1237
333,1238
334,1239,1240,1241,1242
335,1243,1244,1246,1248,1249,1250,1252,1255,1256,1257,1258,1260,1262,1263
336,1266,1267,1268,1269,1270,1271,1272,1273,1274,1275,1276,1277,1278,1279,1280,1281,1282,1283,1284,1285,1286,1287,1288
337,1289,1298,1299,1302,1305,1306,1308,1309,1310,1311,1312,1314,1316,1318,1319,1321,1325,1326,1327,1330,1332,1334,1335,1336,1339,1340,1345,1349,1350
338,1351,1353,1358,1362
339,1365,1370,1374
340,1381
341,1382
342,1383,1384,1385,1386
343,1387,1388,1390,1391,1392,1394,1396,1397,1399,1400,1401,1402,1403,1406,1407,1408
344,1410,1411,1419,1421,1422,1424,1425,1426,1427,1428,1429
345,1433,1435,1436,1449,1451,1459,1461,1462,1483,1486,1491,1493
346,1495,1500
347,1509,1517,1518,1520,1523
348,1525
349,1526
350,1527
351,1531,1532,1533,1534,1535,1536,1537,1538,1539,1540,1541,1542,1543,1544,1545,1546,1547,1548,1549,1550,1551,1552,1553
352,1554,1555,1556,1557,1558,1561,1563,1566,1567,1568,1571,1573,1574,1576
353,1577,1579,1581,1582,1583,1585,1586,1587,1588,1589,1590,1591,1592,1593,1594,1595,1596,1597,1598,1599,1600,1602,1603,1604,1605,1606,1607,1610,1611,1612,1613,1615,1616,1617,1618,1619,1620,1621,1623,1624,1625,1626,1627,1628,1629,1630,1631,1632,1633,1636,1637,1638
354,1639,1642,1643
355,1653,1654,1655,1656,1657,1660,1661,1663,1664,1666,1667,1668
356,1669
357,1670
358,1671,1672,1674
359,1675,1676,1677,1678,1679,1680,1681,1683,1684,1685,1686,1687,1688,1689,1690,1691,1692,1693,1694,1695,1696,1697
360,1698,1703,1705,1706,1711
361,1721,1722,1723,1724,1725,1727,1728,1729,1732,1733,1734,1735,1736,1738,1739,1742,1743,1745,1747,1748,1749,1750,1752,1754,1756,1757,1758,1759,1760,1761,1762,1763,1764,1765,1766,1767,1769,1770,1771,1772,1773,1774,1775,1776,1777,1778,1779,1780,1781
362,1783,1785,1786,1787,1789,1790,1791,1793,1794,1795,1796
363,1797,1799,1801,1802,1803,1804,1807,1811,1812
364,1813
365,1814
366,1815,1816,1818
367,1819,1821,1828,1830,1833,1834,1838
368,1842,1844,1853,1855,1859
369,1865,1866,1867,1870,1871,1874,1876,1877,1878,1882,1883,1884,1886,1887,1888,1889,1890,1891,1893,1894,1896,1897,1898,1899,1901,1902,1903,1905,1906,1907,1908,1909,1912,1913,1914,1915,1916,1917,1918,1919,1922,1923,1924,1926
370,1927,1930,1937,1938,1939
371,1941,1945,1946,1948,1952,1953,1955
372,1957
373,1958
374,1959,1961
375,1963,1964,1972,1977,1982
376,1986,1987,1990,1991,1992,1993,1996,1997,1998,1999,2003,2004,2005
377,2009,2010,2013,2015,2016,2017,2018,2021,2023,2024,2025,2027,2028,2029,2034,2036,2037,2038,2041,2043,2044,2046,2047,2048,2049,2051,2052,2058,2059,2060,2061,2062,2063,2064,2065,2066,2068,2070
378,2071,2072,2073,2074,2075,2076,2079,2080,2082,2083,2084
379,2085,2088,2092
380,2101
381,2102
382,2103,2105,2106
383,2107,2108,2109,2111,2112,2113,2114,2115,2116,2117,2118,2119,2120,2121,2122,2123,2124,2125,2126,2127
384,2130
385,2153,2154,2156,2157,2158,2159,2160,2161,2162,2163,2164,2165,2166,2167,2169,2171,2172,2173,2174,2175,2176,2177,2178,2179,2180,2181,2182,2183,2184,2186,2187,2188,2190,2191,2192,2193,2194,2195,2196,2197,2198,2199,2200,2201,2202,2203,2204,2205,2206,2207,2208,2209,2211,2212,2213,2214
386,2215,2221
387,2229,2230,2232,2237,2238,2241,2242
388,2245
389,2246
390,2247,2248,2249,2250
391,2251,2253,2257,2258,2259,2264,2267,2270
392,2274,2275,2276,2277,2279,2280,2281,2282,2283,2285,2289,2294,2295
393,2297,2308,2313,2315,2316,2317,2318,2320,2322,2333,2339,2343,2346,2352,2357
394,2359,2360,2362,2363,2364,2365,2366,2367,2368,2370,2371,2372
395,2373,2375,2377,2380,2381,2382,2383,2385,2386
396,2389
397,2390
398,2391,2392,2393,2394
399,2395,2396,2398,2399,2400,2403,2406,2408,2411,2413,2414
400,2418,2420,2421,2422,2425,2427,2428,2429,2430,2434,2435,2436,2437,2438
401,2441,2442,2443,2444,2447,2450,2451,2453,2458,2468,2469,2471,2472,2477,2478,2481,2482,2487,2488,2497,2498,2499,2502
402,2503,2504,2505,2506,2509,2511,2512,2513,2514,2515,2516
403,2517,2518,2519,2527,2528
404,2533
405,2534
406,2535,2536,2537
407,2539,2540,2541,2542,2543,2545,2547,2548,2549,2550,2552,2553,2554,2557,2558,2560,2561
408,2562,2570,2571,2572,2576,2579,2584
409,2585,2586,2588,2592,2593,2596,2601,2606,2608,2611,2621,2622,2624,2625,2634,2638,2644
410,2647,2648,2651,2652,2653,2656,2658,2660
411,2661,2662,2663,2664,2665,2666,2667,2668,2669,2670,2671,2672,2673,2674,2675,2676
412,2677
413,2678
414,2679,2680
415,2683,2684,2685,2686,2688,2689,2690,2691,2693,2694,2695,2696,2697,2698,2699,2700,2701,2702,2703,2704,2705
416,2706,2707,2709,2712,2715,2717,2720,2722,2726,2727
417,2729,2730,2731,2733,2734,2735,2736,2737,2738,2739,2740,2741,2742,2743,2744,2745,2746,2747,2748,2749,2750,2751,2752,2753,2754,2755,2756,2757,2758,2759,2760,2761,2762,2763,2764,2765,2766,2767,2768,2769,2770,2771,2772,2773,2774,2775,2776,2777,2778,2779,2780,2781,2782,2783,2784,2785,2786,2787,2788,2789,2790
418,2791,2792,2793,2794,2796,2797,2800,2801,2804
419,2805,2806,2807,2810,2812,2813,2815,2816,2820
420,2821
421,2822
422,2823,2824,2825,2826
423,2827,2829,2831,2837,2845,2847
424,2850,2852,2853,2854,2855,2857,2858,2861,2864,2865,2866,2867,2870
425,2873,2874,2875,2876,2879,2882,2884,2885,2886,2887,2888,2889,2891,2893,2894,2897,2898,2899,2900,2901,2902,2903,2904,2906,2907,2908,2909,2910,2911,2912,2913,2914,2917,2918,2919,2921,2926,2927,2928,2931,2932,2933,2934
426,2935,2937,2941,2945,2946,2947
427,2949,2952,2956,2958,2960,2961,2962,2963,2964
428,2965
429,2966
430,2967,2968,2969
431,2971,2972,2973,2974,2975,2976,2977,2978,2979,2980,2981,2982,2983,2984,2985,2986,2987,2988,2990,2991,2992,2993
432,2994,3004
433,3017,3018,3020,3022,3023,3024,3025,3026,3027,3028,3029,3030,3031,3033,3034,3035,3036,3037,3038,3040,3041,3042,3043,3044,3045,3047,3048,3050,3052,3053,3056,3057,3059,3060,3062,3063,3064,3066,3067,3069,3070,3071,3073,3074,3075,3076,3078
434,3079,3081,3082,3083,3084,3085,3086,3088,3089,3090,3091,3092
435,3093,3095,3106
436,3109
437,3110
438,3111,3112
439,3115,3116,3118,3119,3120,3121,3122,3123,3124,3125,3126,3127,3128,3129,3130,3131,3132,3133,3134,3135,3136,3137
440,3138,3139,3142,3144,3145,3146,3147,3148,3149,3150,3151,3153,3154,3155,3156,3157,3158,3159,3160
441,3161,3162,3166,3167,3169,3170,3174,3176,3177,3182,3183,3185,3186,3187,3188,3190,3197,3202,3203,3206,3207,3215
442,3223,3228,3233
443,3237,3238,3239,3240,3241,3242,3243,3244,3245,3246,3247,3248,3249,3250,3251,3252
444,3253
445,3254
446,3255,3256,3257,3258
447,3259,3260,3261,3262,3264,3266,3269,3271,3272,3273,3274,3275,3276,3278,3281
448,3282,3289,3293,3294,3296,3297
449,3305,3306,3307,3308,3312,3313,3314,3316,3317,3320,3321,3322,3323,3324,3327,3328,3329,3331,3336,3338,3342,3343,3345,3346,3350,3351,3352,3358,3360,3361,3364,3366
450,3367,3368,3369
451,3381,3383,3385,3387,3389,3390,3391,3395,3396
452,3397
453,3398
454,3399,3402
455,3403,3421,3424
456,3426,3427,3428,3429,3430,3431,3432,3434,3435,3436,3437,3438,3440,3441,3442,3443,3444,3445,3446,3447,3448
457,3449,3453,3469,3474,3482,3487,3499,3500,3506
458,3511
459,3525,3526,3527,3528,3529,3530,3531,3534,3535,3537,3539,3540
460,3541
461,3542
462,3543,3544,3545
463,3547,3548,3550,3552,3553,3554,3556,3557,3558,3559,3560,3561,3563,3564,3568
464,3570,3571,3572,3573,3574,3575,3576,3577,3578,3579,3580,3581,3582,3583,3584,3585,3587,3588,3589,3590,3591,3592
465,3593,3618,3620,3637,3642,3654
466,3655,3660,3662,3665,3668
467,3669,3673,3678,3684
468,3685
469,3686
470,3687,3690
471,3691,3692,3694,3695,3696,3697,3698,3699,3700,3701,3702,3703,3704,3705,3706,3707,3708,3709,3710,3711,3712,3713
472,3714,3716,3718,3721,3724,3728,3729
473,3737,3757,3774,3777,3782
474,3799,3800,3801,3803,3804,3805,3806,3807,3808,3809,3810,3811,3812
475,3813,3815,3819,3821,3822,3824,3825,3828
476,3829
477,3830
478,3831,3832,3833,3834
479,3835,3836,3837,3838,3839,3842,3843,3844,3845,3846,3848,3849,3850,3853,3854,3855,3856
480,3858,3862,3863,3865,3866,3869,3872,3873,3874,3878,3880
481,3881,3882,3886,3888,3889,3891,3892,3894,3898,3899,3902,3903,3904,3906,3907,3908,3909,3911,3913,3914,3916,3920,3921,3923,3925,3926,3928,3931,3932,3937,3942
482,3943,3945,3946,3947,3948,3952,3956
483,3957,3965
484,3973
485,3974
486,3975
487,3979,3980,3981,3982,3983,3984,3985,3986,3987,3988,3989,3990,3991,3992,3995,3996,3997,3998,3999,4000,4001
488,4002,4012
489,4025,4026,4034,4036,4038,4040,4047,4057,4059,4060,4061,4067,4070,4080
490,4087,4091,4093,4095,4097,4098,4099
491,4101,4102,4103,4104,4105,4106,4107,4108,4109,4110,4111,4112,4114,4116
492,4117
493,4118
494,4119,4121
495,4123,4125,4129,4130,4131,4132,4135,4141
496,4146,4147,4148,4149,4151,4152,4153,4154,4155,4157,4158,4159,4160,4161,4162,4163,4164,4165,4166,4167,4168
497,4169,4170,4171,4176,4178,4183,4188,4197,4204,4216,4219,4220
498,4231,4233,4234,4235,4240,4242,4244
499,4245,4247,4248,4250,4251,4252,4254,4255,4258,4260
500,4261
501,4262
502,4263,4265,4266
503,4267,4270,4272,4275,4276,4277,4278,4280,4282,4286,4288
504,4290,4291,4292,4293,4295,4297,4298,4299,4300,4301,4303,4304,4305,4307,4310,4311,4312
505,4313,4315,4316,4318,4319,4320,4321,4322,4323,4325,4326,4327,4328,4329,4330,4331,4332,4333,4334,4335,4336,4338,4339,4341,4342,4343,4344,4346,4347,4348,4349,4350,4351,4352,4353,4354,4356,4357,4358,4359,4360,4362,4363,4364,4365,4366,4367,4368,4369,4371,4372,4373,4374
506,4375,4377,4379,4380,4381,4382,4383,4385,4386,4387,4388
507,4389,4390,4392,4393,4394,4395,4397,4398,4399,4400,4401,4402,4403,4404
508,4405
509,4406
510,4407,4408,4409,4410
511,4411,4412,4414,4418,4420,4421,4422,4423,4425,4426,4427
512,4434,4435,4437,4438,4441,4442,4446,4447,4449,4452
513,4457,4468,4473,4475,4489,4493,4506,4507,4509,4510
514,4519,4520,4521,4522,4523,4524,4525,4526,4527,4528,4529,4530,4532
515,4533,4536,4546,4548
516,4549
517,4550
518,4551,4552
519,4555,4556,4558,4559,4560,4561,4562,4563,4565,4567,4568,4569,4571,4574,4575,4576,4577
520,4578,4583,4588,4589,4594,4596,4598,4599,4600
521,4601,4602,4603,4604,4605,4606,4608,4609,4610,4611,4612,4614,4615,4616,4618,4619,4621,4622,4624,4625,4626,4627,4631,4632,4634,4637,4638,4639,4640,4641,4642,4643,4644,4646,4647,4649,4650,4651,4652,4653,4656,4657,4658,4659,4660,4661
522,4663,4671,4675
523,4677,4691
524,4693
525,4694
526,4695,4697
527,4699,4700,4701,4703,4704,4705,4706,4707,4708,4709,4710,4711,4712,4714,4715,4716,4717,4718,4719,4720,4721
528,4722,4723,4724,4725,4726,4728,4729,4730,4731,4732,4733,4734,4735,4736,4737,4738,4739,4741,4742,4743
529,4745,4771,4793,4800,4802
530,4807,4811,4812,4814,4818
531,4821,4827,4829,4831,4832
532,4837
533,4838
534,4839,4840,4841,4842
535,4843,4845,4850,4851,4852,4853,4856,4859,4862
536,4866,4869,4880,4881
537,4889,4890,4891,4892,4893,4894,4895,4896,4899,4900,4901,4902,4903,4907,4908,4910,4911,4912,4913,4916,4917,4918,4921,4923,4924,4925,4926,4927,4928,4929,4930,4931,4932,4933,4934,4935,4937,4938,4939,4940,4941,4945,4946,4947,4948,4949,4950
538,4951,4952,4956,4957,4958,4959,4960,4961,4962,4964
539,4965,4972,4973,4974,4976,4979,4980
540,4981
541,4982
542,4983,4985,4986
543,4987,4988,4990,4992,4993,4996,4997,5000,5003
544,5010,5018,5020,5023,5024,5025,5026,5027,5028,5029,5030,5031,5032
545,5033,5035,5037,5039,5040,5041,5043,5044,5046,5051,5053,5054,5057,5058,5061,5062,5065,5070,5073,5074,5078,5079,5080,5081,5085,5086,5087,5088,5092,5093,5094
546,5095,5097,5099,5100,5102,5107
547,5109,5110,5112,5114,5115,5116,5117,5119,5120,5122,5123,5124
548,5125
549,5126
550,5127,5128,5129,5130
551,5131,5140
552,5154,5155,5159,5163,5164,5165,5168,5170,5171,5172,5174
553,5177,5180,5189,5204
554,5239,5240,5241,5243,5244,5245,5246,5247,5248,5249,5250,5252
555,5253,5257,5261,5262,5263,5266
556,5269
557,5270
558,5271,5274
559,5275,5278,5279,5280,5285,5288,5289,5290,5293,5297
560,5298,5299,5300,5301,5302,5303,5304,5305,5306,5307,5308,5309,5310,5312,5313,5314,5315,5316,5317,5318,5319,5320
561,5321,5322,5323,5325,5326,5327,5328,5330,5334,5335,5337,5338,5339,5341,5342,5343,5345,5346,5349,5350,5352,5354,5356,5358,5359,5360,5363,5368,5369,5370,5371,5374,5375,5378,5380,5381,5382
562,5383,5388,5389,5390,5392,5394,5395,5396
563,5397,5398,5401,5403,5409,5410
564,5413
565,5414
566,5415,5416
567,5419,5420,5421,5423,5424,5425,5426,5427,5430,5431,5432,5433,5434,5435,5436,5437,5438,5441
568,5442,5457,5458
569,5465,5470,5475,5476,5478,5481,5485,5486,5493,5502,5503,5508,5514,5519
570,5527,5536,5538
571,5541,5546,5552
572,5557
573,5558
574,5559,5561
575,5563,5566,5567,5573
576,5586,5587,5590,5594,5598,5603,5607
577,5609,5610,5611,5612,5613,5614,5615,5616,5617,5618,5619,5620,5621,5622,5623,5624,5625,5626,5627,5628,5629,5630,5631,5632,5633,5634,5635,5636,5637,5638,5639,5640,5641,5642,5643,5644,5645,5646,5647,5648,5649,5650,5651,5652,5653,5654,5655,5656,5657,5658,5659,5660,5661,5662,5663,5664,5665,5666,5667,5668,5669,5670
578,5671,5672,5674,5675,5676,5677,5679,5680,5681,5682,5683
579,5685,5687,5688,5689,5690,5691,5693,5694,5695,5696,5697,5698,5699,5700
580,5701
581,5702
582,5703,5704,5705
583,5707,5709,5710,5711,5712,5713,5715,5716,5717,5718,5719,5721,5724,5726,5728,5729
584,5730,5737,5741,5750
585,5753,5754,5755,5756,5758,5759,5760,5764,5765,5767,5768,5770,5771,5772,5773,5774,5775,5776,5777,5778,5779,5780,5781,5782,5783,5784,5785,5786,5787,5788,5789,5790,5791,5792,5793,5794,5795,5796,5797,5798,5799,5801,5802,5803,5806,5807,5808,5809,5810,5811,5812,5813,5814
586,5815,5817,5819,5820,5823,5824,5826
587,5829,5835,5838,5839,5844
588,5845
589,5846
590,5847,5849
591,5851,5852,5854,5860,5864,5866,5868,5869
592,5874,5875,5876,5877,5878,5880,5881,5883,5884,5885,5886,5887,5888,5889,5890,5891,5892,5894,5895,5896
593,5897,5901,5902,5906,5912,5914,5915,5918,5920,5921,5922,5923,5925,5926,5928,5931,5933,5934,5936,5939,5941,5942,5943,5945,5949,5950,5951,5952,5954,5955,5957,5958
594,5959,5966
595,5973,5975,5976,5977,5979,5981,5984,5987,5988
596,5989
597,5990
598,5991,5992,5993
599,5995,5996,5999,6001,6002,6005,6006,6007,6008,6009,6010,6011,6012,6013,6015,6016,6017
600,6018,6025,6030,6031,6033,6039,6040
601,6041,6049,6055,6064,6072,6089
602,6103,6104,6105,6106,6107,6108,6109,6110,6111,6112,6113,6114,6115,6116
603,6117,6121,6122,6123,6124,6130
604,6133
605,6134
606,6135,6136
607,6139,6140,6141,6142,6146,6147,6150,6151,6152,6153,6154,6155,6156,6157,6158,6159,6160,6161
608,6162,6174,6175,6177
609,6185,6188,6193,6194,6195,6196,6197,6198,6199,6200,6201,6203,6205,6207,6208,6210,6213,6214,6215,6216,6217,6218,6220,6221,6222,6223,6224,6226,6229,6232,6233,6234,6236,6237,6238,6239,6240,6241,6243,6245,6246
610,6247,6248,6249,6252,6254,6257,6258
611,6261,6265,6266,6270,6272,6273,6275
612,6277
613,6278
614,6279,6281
615,6283,6288,6298,6299,6300
616,6306,6307,6308,6309,6311,6314,6315,6316,6317,6319,6320,6321,6323,6326,6327,6328
617,6329,6366,6367
618,6391,6393,6398,6401,6404
619,6405,6406,6407,6408,6409,6410,6411,6412,6413,6414,6415,6416,6417,6418,6419,6420
620,6421
621,6422
622,6423,6425
623,6427,6428,6429,6430,6431,6432,6433,6434,6435,6436,6437,6439,6440,6441,6442,6443,6444,6445,6446,6447,6449
624,6450,6451,6454,6456,6458,6459,6460,6461,6464,6465,6466,6467,6468,6469,6472
625,6473,6485,6486,6492,6493,6494,6496,6497,6499,6503,6510,6512,6513,6514,6522,6523,6527,6528,6529,6531
626,6535,6539,6540,6545,6546,6547
627,6549,6550,6551,6554,6555,6556,6557,6561,6562,6564
628,6565
629,6566
630,6567,6570
631,6571,6575,6577,6581,6583,6587,6591,6592
632,6594,6595,6596,6597,6598,6600,6601,6602,6603,6604,6605,6606,6607,6608,6609,6610,6611,6612,6613,6614,6616
633,6617,6621,6622,6623,6629,6631,6637,6638,6640,6642,6651,6653,6658,6659,6660,6673,6674,6675,6676
634,6679,6683,6684,6685,6686,6687,6689,6691,6692
635,6693,6694,6699,6701,6703,6706,6708
636,6709
637,6710
638,6711,6712,6713,6714
639,6715,6716,6717,6718,6719,6720,6721,6722,6723,6725,6726,6727,6728,6730,6731,6732,6733,6734,6735,6737
640,6738,6739,6740,6741,6742,6744,6745,6746,6747,6749,6750,6751,6752,6754,6755,6756,6759
641,6761,6766,6768,6779,6784,6785,6787,6800,6806,6807,6811,6814,6815,6816
642,6823,6825,6826,6828,6829,6834
643,6837,6838,6846,6848,6850,6852
644,6853
645,6854
646,6855,6856,6857,6858
647,6859,6864,6865,6866,6867,6868,6871,6874,6876,6880,6881
648,6882,6883,6885,6887,6888,6889,6890,6891,6893,6894,6895,6896,6897,6898,6899,6900,6902
649,6905,6906,6909,6910,6911,6912,6914,6916,6917,6919,6920,6925,6927,6929,6934,6939,6942,6946,6951,6952,6953,6954,6960,6963,6965,6966
650,6967,6968,6969,6971,6972,6973,6975,6976,6979,6980
651,6981,6991,6992
652,6997
653,6998
654,6999,7000,7002
655,7003,7004,7005,7006,7007,7008,7009,7011,7012,7013,7014,7015,7017,7018,7019,7020,7021,7022,7023,7024,7025
656,7026,7031,7035,7039,7046,7048
657,7049,7050,7051,7052,7054,7055,7056,7058,7059,7060,7061,7062,7063,7064,7065,7066,7067,7068,7069,7070,7071,7072,7073,7075,7076,7077,7078,7079,7080,7081,7082,7083,7084,7085,7086,7087,7088,7089,7090,7092,7094,7095,7097,7098,7099,7100,7101,7102,7103,7106,7107,7108,7109,7110
658,7111,7112,7115,7116,7118,7121
659,7125,7126,7127,7128,7133,7134,7135,7136,7138,7140
660,7141
661,7142
662,7143,7145
663,7147,7148,7149,7150,7151,7152,7153,7154,7156,7157,7158,7159,7160,7161,7162,7163,7164,7165,7167,7168
664,7170,7171,7172,7173,7174,7176,7177,7178,7179,7180,7181,7182,7183,7184,7185,7186,7187,7188,7189,7190,7191,7192
665,7193,7194,7196,7200,7203,7204,7206,7209,7213,7214,7215,7216,7217,7218,7220,7221,7222,7224,7225,7229,7231,7235,7236,7238,7241,7244,7246,7251,7253
666,7255,7261,7265
667,7269,7270,7271,7272,7273,7274,7275,7276,7277,7278,7279,7280,7281,7282,7283,7284
668,7285
669,7286
670,7287,7290
671,7291,7292,7294,7297,7300,7303
672,7314,7315,7316,7317,7318,7319,7321,7322,7324,7325,7326,7327,7329,7330,7331,7333,7334,7335,7336
673,7337,7338,7339,7340,7341,7343,7344,7345,7346,7347,7348,7349,7350,7351,7352,7353,7355,7356,7358,7359,7361,7363,7364,7365,7366,7367,7369,7371,7372,7374,7376,7378,7379,7381,7382,7383,7385,7386,7388,7389,7390,7391,7393,7395,7396,7397
674,7399,7400,7401,7402,7404,7407,7408,7409,7410,7411,7412
675,7413,7417,7418,7420,7421,7422,7423,7426,7428
676,7429
677,7430
678,7431,7432,7433,7434
679,7435,7437,7438,7443,7446,7453,7455,7456,7457
680,7458,7480
681,7481,7482,7484,7488,7490,7491,7493,7494,7498,7502,7507,7515,7522,7526,7530,7532,7534,7536,7540,7542
682,7543,7544,7545,7546,7547,7548,7549,7550,7551,7552,7553,7554,7556
683,7557,7559,7567,7569,7570
684,7573
685,7574
686,7575,7576,7578
687,7579,7580,7581,7582,7585,7586,7587,7588,7590,7592,7594,7596,7597,7598
688,7602,7611,7619
689,7625,7626,7627,7630,7631,7632,7633,7634,7636,7637,7639,7640,7641,7643,7646,7647,7648,7649,7650,7651,7652,7653,7655,7656,7658,7659,7660,7662,7663,7664,7665,7666,7667,7669,7670,7672,7673,7674,7675,7676,7677,7679,7680,7681,7682,7684,7685,7686
690,7687,7688,7695,7699
691,7701,7707
692,7717
693,7718
694,7719,7720,7722
695,7723,7725,7728,7729,7730,7731,7732,7733,7734,7735,7736,7737,7738,7739,7740,7741,7742,7743,7744,7745
696,7746,7747,7748,7749,7751,7752,7753,7754,7755,7757,7758,7759,7760,7761,7762,7763,7764,7766,7767
697,7769,7774,7776,7777,7779,7780,7785,7788,7789,7792,7795,7805,7810,7813,7818,7819,7820,7825,7827,7830
698,7831,7832,7833,7835,7836,7837,7838,7839,7840,7841,7842,7843,7844
699,7845,7846,7847,7848,7849,7850,7851,7852,7853,7854,7855,7856,7857,7858,7859,7860
700,7861
701,7862
702,7863,7865,7866
703,7867,7869,7876,7879,7880,7882,7883
704,7890,7912
705,7913,7914,7916,7920,7924,7928,7929,7931,7932,7933,7934,7936,7937,7939,7943,7944,7948,7952,7953,7954,7957,7959,7960,7964,7965,7967,7973
706,7975,7982
707,7989,7992,7993,7996,7997,8000,8001,8003,8004
708,8005
709,8006
710,8007,8009
711,8011,8012,8013,8014,8016,8017,8018,8019,8020,8021,8022,8023,8025,8026,8027,8029,8032,8033
712,8034,8036,8037,8039,8040,8051,8055
713,8057,8058,8060,8061,8062,8065,8067,8069,8073,8076,8077,8081,8089,8096,8097,8105,8107,8109,8114,8117
714,8119,8120,8121,8123,8125,8130,8131,8132
715,8133,8134,8135,8136,8137,8138,8142,8144,8145,8147
716,8149
717,8150
718,8151,8152,8153
719,8155,8157,8162,8165,8166,8169,8170
720,8178,8179,8181,8183,8184,8185,8187,8188,8189,8190,8191,8192,8193,8196,8198,8199,8200
721,8201,8206,8214,8215,8217,8218,8220,8223,8238,8249,8260
722,8263,8265,8267,8269,8270,8271,8272,8276
723,8277,8279,8280,8281,8283,8284,8285,8286,8287,8288,8289,8290,8292
724,8293
725,8294
726,8295,8298
727,8299,8300,8301,8302,8303,8304,8305,8306,8307,8308,8310,8311,8312,8313,8314,8316,8317,8318,8319,8320,8321
728,8322,8323,8325,8327,8328,8329,8330,8331,8332,8333,8338,8340,8342
729,8345,8347,8348,8354,8356,8357,8359,8361,8365,8366,8367,8370,8377,8383,8384,8386,8387,8388,8398,8399
730,8407,8409,8411,8414
731,8421,8422,8423,8424,8425,8426,8427,8430,8432,8433,8434,8435
732,8437
733,8438
734,8439,8441,8442
735,8443,8444,8446,8448,8449,8453,8454,8457,8458,8459,8461,8464,8465
736,8466,8475,8477,8478,8479,8481,8486
737,8489,8490,8491,8492,8493,8494,8496,8498,8499,8501,8502,8503,8505,8507,8508,8509,8510,8511,8512,8513,8514,8515,8516,8517,8520,8521,8522,8523,8524,8525,8526,8529,8530,8531,8532,8533,8534,8535,8537,8539,8540,8541,8543,8544,8545,8546,8547,8548,8550
738,8551,8552,8554,8555,8556,8557,8558,8562,8563
739,8565,8571,8572,8575,8577,8578
740,8581
741,8582
742,8583,8585,8586
743,8587,8588,8603
744,8610,8620,8621,8622,8626
745,8633,8637,8639,8641,8644,8646,8652,8657,8658,8660,8664,8666,8667,8668,8669,8675,8676,8677,8678,8681,8682,8685,8687,8689,8692,8694
746,8695,8696,8700,8705
747,8709,8712,8713,8716,8720
748,8725
749,8726
750,8727,8728,8729,8730
751,8731,8732,8733,8734,8736,8737,8741,8742,8743,8746,8747,8748,8749,8750,8753
752,8754,8757,8760,8761,8762,8767,8768,8769,8771,8774,8775
753,8777,8778,8779,8780,8782,8783,8784,8787,8788,8789,8790,8791,8792,8793,8794,8795,8796,8797,8798,8799,8800,8801,8802,8803,8804,8805,8806,8807,8808,8809,8810,8812,8813,8814,8817,8818,8819,8820,8821,8822,8823,8824,8826,8828,8829,8830,8831,8832,8833,8835,8836,8837,8838
754,8839,8840,8842,8843,8844,8845,8846,8848,8849,8850
755,8853,8855,8856,8857,8858,8859,8861,8862,8864,8865,8866,8867
756,8869
757,8870
758,8871,8872,8874
759,8875,8876,8877,8878,8879,8883,8884,8886,8887,8888,8889,8890,8891,8892,8893
760,8898,8902,8904,8908,8909,8913
761,8921,8922,8923,8924,8925,8928,8929,8930,8931,8932,8934,8935,8936,8937,8940,8941,8943,8945,8946,8948,8949,8951,8952,8953,8954,8956,8957,8958,8959,8962,8963,8965,8966,8967,8969,8970,8971,8972,8974,8975,8976,8980,8981,8982
762,8983,8987,8993
763,8997,8998,9001,9002,9004,9006,9007,9008,9009,9010,9011,9012
764,9013
765,9014
766,9015,9016,9018
767,9019,9025,9026,9028,9031,9034,9037,9041
768,9042,9050,9052
769,9065,9071,9079,9080,9087,9113,9118,9121
770,9127,9136,9139
771,9141,9142,9143,9144,9145,9146,9148,9149,9150,9151,9152,9153,9154,9155,9156
772,9157
773,9158
774,9159,9160,9161
775,9163,9164,9165,9166,9168,9169,9170,9172,9173,9174,9176,9178,9180,9182,9183,9184,9185
776,9186,9187,9188,9189,9190,9191,9192,9193,9194,9195,9196,9199,9200,9201,9202,9203,9204,9205,9206,9207,9208
777,9209,9211,9213,9214,9215,9216,9217,9218,9219,9222,9223,9226,9229,9232,9233,9236,9237,9238,9240,9241,9242,9243,9244,9245,9247,9248,9249,9250,9251,9252,9253,9254,9256,9257,9258,9259,9260,9261,9262,9267,9269
778,9271,9272,9273,9275,9276,9277,9278,9279,9280,9281,9282,9284
779,9285,9286,9287,9288,9290,9291,9298,9300
780,9301
781,9302
782,9303,9304,9306
783,9307,9308,9309,9310,9311,9313,9314,9315,9317,9318,9319,9320,9321,9323,9324,9325,9326,9327,9328,9329
784,9330,9331,9332,9333,9334,9347,9348
785,9353,9354,9355,9356,9357,9358,9359,9360,9361,9362,9363,9364,9365,9366,9367,9368,9369,9370,9371,9372,9373,9374,9375,9376,9377,9378,9379,9380,9381,9382,9383,9384,9385,9386,9387,9388,9389,9390,9391,9392,9393,9394,9396,9397,9398,9399,9400,9401,9402,9403,9406,9407,9408,9409,9410,9411,9412,9413,9414
786,9415,9416,9418,9420,9422,9426,9427,9428
787,9429,9430,9431,9432,9433,9434,9435,9436,9437,9438,9439,9440,9441,9442,9443,9444
788,9445
789,9446
790,9447,9448,9449
791,9451,9452,9453,9454,9455,9456,9457,9458,9459,9460,9461,9462,9463,9464,9465,9466,9467,9469,9470,9471,9472,9473
792,9474,9475,9476,9477,9478,9479,9480,9481,9482,9483,9484,9485,9486,9487,9488,9489,9490,9491,9492,9493,9494,9495,9496
793,9497,9498,9499,9501,9502,9503,9504,9505,9506,9507,9508,9509,9510,9512,9514,9515,9516,9517,9518,9519,9520,9521,9522,9523,9524,9525,9526,9527,9528,9529,9530,9532,9533,9534,9536,9537,9538,9539,9540,9541,9542,9543,9544,9545,9546,9548,9549,9550,9552,9553,9554,9556,9557,9558
794,9559,9561,9562,9563,9564,9565,9566,9571,9572
795,9573,9574,9575,9578,9579,9580,9581,9583
796,9589
797,9590
798,9591,9592
799,9595,9601,9603,9605,9606,9608,9611,9616
800,9618,9619,9621,9629,9631,9633,9634,9636,9637,9639,9640
801,9641,9643,9644,9645,9647,9649,9651,9653,9655,9656,9658,9659,9662,9664,9666,9667,9668,9670,9672,9673,9677,9679,9680,9681,9683,9684,9688,9691,9692,9693,9696,9702
802,9703,9704,9705,9707
803,9717,9718,9719,9720,9721,9722,9723,9724,9725,9726,9727,9728,9729,9730,9731,9732
804,9733
805,9734
806,9735,9736,9737,9738
807,9739,9740,9741,9742,9743,9744,9745,9746,9747,9748,9749,9750,9751,9752,9753,9754,9755,9756,9757,9758,9759,9760,9761
808,9762,9763,9765,9766,9767,9769,9771,9773,9774,9775,9776,9777,9778,9779,9780,9781,9782,9783,9784
809,9785,9786,9787,9788,9790,9792,9794,9795,9796,9798,9799,9800,9801,9802,9804,9805,9807,9808,9809,9810,9811,9813,9814,9815,9816,9817,9818,9822,9823,9824,9825,9826,9827,9828,9829,9830,9831,9832,9833,9834,9835,9836,9837,9838,9840,9841,9842,9843,9844,9845,9846
810,9847,9848,9849,9850,9852,9854,9857,9859
811,9861,9862,9863,9866,9867,9868,9869,9870,9872,9874,9875
812,9877
813,9878
814,9879,9880,9881,9882
815,9883,9884,9885,9890,9891,9892,9893,9894,9898,9901
816,9906,9907,9908,9909,9910,9912,9913,9915,9917,9919,9921,9922,9925,9926,9927,9928
817,9929,9931,9935,9937,9943,9949,9952,9956,9958,9959,9962,9963,9965,9971,9974,9976,9978,9982,9986,9987,9988,9990
818,9991,9992,9996,9997,10003
819,10005,10006,10008,10009,10010,10011,10012,10013,10014,10015,10016,10018,10019,10020
820,10021
821,10022
822,10023,10025
823,10027,10040,10049
824,10050,10054,10058,10059,10060,10066,10067,10069,10070
825,10073,10074,10075,10076,10077,10078,10079,10080,10081,10082,10083,10084,10085,10086,10087,10088,10089,10090,10091,10092,10093,10094,10095,10096,10097,10098,10099,10100,10101,10102,10103,10104,10105,10106,10107,10108,10109,10110,10111,10112,10113,10114,10115,10116,10117,10118,10119,10120,10121,10122,10123,10124,10125,10126,10127,10128,10129,10130,10131,10132,10133,10134
826,10135,10138,10139,10140,10142,10147
827,10149,10150,10151,10152,10154,10159,10161,10163,10164
828,10165
829,10166
830,10167,10168
831,10171,10172,10173,10174,10175,10176,10177,10179,10180,10181,10182,10183,10184,10187,10190,10191,10192,10193
832,10194,10195,10196,10197,10198,10199,10200,10201,10202,10204,10205,10206,10207,10208,10209,10210,10211,10213,10214,10216
833,10217,10218,10219,10220,10221,10222,10223,10224,10225,10226,10227,10228,10229,10230,10231,10232,10233,10234,10235,10237,10238,10239,10240,10241,10242,10243,10244,10245,10246,10247,10248,10249,10250,10251,10252,10253,10254,10255,10256,10257,10258,10259,10260,10261,10262,10263,10264,10265,10266,10267,10268,10269,10270,10271,10272,10273,10274,10275,10276,10277,10278
834,10279,10280,10281,10282,10283,10284,10285,10287,10289,10292
835,10293,10294,10295,10296,10297,10299,10300,10301,10302,10303,10305,10306,10307,10308
836,10309
837,10310
838,10311,10314
839,10315,10316,10317,10318,10320,10321,10322,10324,10325,10326,10327,10328,10329,10331,10332,10333,10334,10335,10336,10337
840,10338,10340,10341,10343,10344,10345,10346,10348,10350,10355,10357
841,10361,10362,10363,10364,10365,10366,10367,10368,10369,10371,10372,10373,10375,10376,10378,10380,10381,10383,10384,10385,10386,10388,10389,10392,10394,10396,10397,10399,10400,10401,10402,10403,10404,10407,10409,10410,10412,10414,10415,10421,10422
842,10423,10424,10425,10426,10427,10428,10429,10430,10431,10432,10433,10434,10435,10436
843,10437,10438,10439,10440,10441,10442,10443,10444,10445,10446,10447,10448,10449,10450,10451,10452
844,10453
845,10454
846,10455,10457,10458
847,10459,10469
848,10482,10483,10484,10485,10486,10487,10488,10489,10490,10492,10493,10495,10496,10498,10499,10500,10501,10502,10503,10504
849,10505,10508,10509,10510,10511,10512,10513,10515,10516,10517,10518,10519,10520,10524,10525,10526,10527,10528,10529,10531,10532,10533,10536,10537,10540,10541,10543,10544,10546,10547,10549,10550,10551,10552,10554,10555,10556,10557,10559,10560,10561,10562,10563,10564,10565,10566
850,10567,10577
851,10581,10596
852,10597
853,10598
854,10599,10602
855,10603,10604,10605,10606,10607,10608,10609,10610,10611,10612,10613,10615,10616,10617,10618,10619,10620,10621,10623
856,10626,10627,10628,10629,10630,10631,10632,10633,10634,10635,10636,10637,10638,10639,10640,10641,10642,10643,10644,10645,10646
857,10649,10672,10676,10680,10683,10698,10701,10707,10708
858,10711,10713,10714,10717,10721,10723
859,10725,10726,10727,10728,10729,10730,10731,10732,10733,10734,10735,10736,10737,10738,10739,10740
860,10741
861,10742
862,10743,10744,10745,10746
863,10747,10748,10750,10751,10754,10756,10757,10759,10764,10766,10768,10769
864,10770,10776,10777,10778,10782,10788
865,10793,10794,10795,10796,10797,10798,10799,10800,10802,10803,10804,10805,10806,10807,10808,10809,10810,10811,10812,10813,10814,10815,10816,10817,10818,10819,10820,10821,10822,10823,10824,10825,10827,10828,10829,10830,10831,10832,10833,10834,10835,10836,10837,10838,10839,10840,10841,10842,10843,10844,10845,10846,10847,10848,10849,10850,10851,10852,10853,10854
866,10855,10856,10858,10861,10863,10865
867,10869,10871,10873,10876,10877,10878,10880,10881,10882
868,10885
869,10886
870,10887,10889
871,10891,10894,10895,10897,10899,10903,10907,10908,10910,10913
872,10914,10916,10921,10926,10929,10932,10934,10935
873,10937,10946,10954,10955,10969,10978,10979,10980,10982,10987,10995,10997
874,10999,11000,11001,11003,11004,11005,11006,11010,11011
875,11013,11014,11016,11019,11023,11025,11026,11028
876,11029
877,11030
878,11031,11032,11033,11034
879,11035,11039,11041,11042,11051,11057
880,11058,11059,11060,11064,11065,11066,11067,11068,11069,11070,11071,11072,11073,11074,11075,11077,11078,11079,11080
881,11081,11084,11086,11087,11090,11091,11092,11093,11094,11096,11097,11100,11101,11102,11107,11108,11110,11111,11114,11115,11116,11118,11119,11120,11121,11123,11124,11125,11126,11128,11129,11131,11132,11134,11135,11136,11137,11138
882,11143,11144,11145,11146,11147,11148,11149,11150,11151,11152,11154,11155,11156
883,11157,11158,11160,11161,11163,11167,11169,11170,11171,11172
884,11173
885,11174
886,11175,11178
887,11179,11180,11181,11182,11183,11184,11185,11186,11187,11189,11190,11191,11192,11193,11194,11195,11196,11197,11198,11199,11200,11201
888,11202,11203,11205,11206,11207,11208,11209,11210,11213,11214,11215,11216,11219,11220,11222
889,11225,11226,11227,11229,11230,11232,11233,11234,11235,11236,11237,11238,11239,11241,11242,11243,11244,11245,11246,11247,11248,11249,11250,11252,11253,11254,11255,11256,11257,11258,11259,11260,11261,11262,11263,11264,11265,11266,11267,11268,11269,11270,11271,11272,11273,11274,11275,11276,11277,11278,11279,11280,11281,11282,11283,11285,11286
890,11287,11297
891,11301,11302,11303,11304,11308,11309,11310,11311,11312,11313,11315
892,11317
893,11318
894,11319,11320,11321,11322
895,11323,11324,11325,11326,11327,11328,11329,11330,11331,11332,11333,11334,11335,11336,11338,11339,11340,11341,11342,11343,11344,11345
896,11346,11347,11348,11349,11350,11351,11352,11353,11354,11355,11356,11357,11358,11359,11360,11361,11362,11363,11364,11365,11366,11367,11368
897,11369,11370,11371,11372,11374,11375,11376,11377,11378,11379,11380,11381,11383,11384,11385,11386,11387,11389,11390,11391,11392,11393,11394,11395,11396,11397,11398,11399,11400,11401,11402,11403,11405,11406,11407,11409,11410,11411,11412,11413,11414,11415,11418,11419,11420,11421,11422,11423,11424,11425,11426,11427,11428,11429
898,11431,11433,11434,11436,11437,11438,11439,11443,11444
899,11445,11446,11447,11448,11449,11451,11452,11453,11454,11457,11458,11460
900,11461
901,11462
902,11463,11464,11465,11466
903,11467,11470,11471,11472,11476,11477,11481,11484,11486,11488,11489
904,11490,11493,11499,11501,11504,11506,11510,11511,11512
905,11513,11563,11572
906,11575,11576,11580,11581,11582,11583,11584,11585,11586
907,11589,11590,11591,11592,11593,11594,11595,11596,11597,11598,11599,11600,11601,11602,11603,11604
908,11605
909,11606
910,11607,11609,11610
911,11611,11620,11622,11624,11629,11630
912,11634,11635,11636,11637,11638,11639,11641,11642,11643,11644,11645,11646,11647,11648,11649,11651,11652,11653,11654,11655,11656
913,11657,11658,11662,11665,11667,11670,11672,11675,11677,11678,11679,11683,11684,11686,11687,11691,11692,11693,11695,11696,11697,11698,11700,11701,11702,11704,11713,11714,11715,11718
914,11719,11722,11724,11725,11729,11730,11731,11732
915,11733,11741,11747
916,11749
917,11750
918,11751,11754
919,11755,11757,11758,11759,11762,11763,11765,11766,11767,11769,11770,11771,11772,11773,11774,11775,11776,11777
920,11778,11781,11785,11787,11790,11792,11797
921,11801,11802,11806,11811,11815,11821,11824,11833,11836,11842,11843,11846,11852,11855,11856
922,11863,11865,11866,11867,11868,11869,11871,11875
923,11877,11878,11879,11880,11882,11883,11886,11887,11891
924,11893
925,11894
926,11895,11896,11897,11898
927,11899,11900,11905,11908,11910,11913,11915,11916,11921
928,11922,11932,11938
929,11945,11952,11953,11963,11965,11994
930,12007,12009,12011,12013,12014,12019,12020
931,12021,12023,12026,12029,12031,12033,12034,12035,12036
932,12037
933,12038
934,12039,12042
935,12043,12044,12045,12046,12047,12048,12049,12050,12051,12052,12053,12055,12056,12057,12058,12059,12060,12061,12062,12063,12065
936,12066,12069,12070,12072,12073,12075,12076,12077,12079,12080,12083,12084,12085,12086,12087,12088
937,12089,12090,12091,12093,12095,12096,12097,12098,12100,12102,12103,12104,12108,12111,12118,12120,12121,12124,12126,12131,12136,12138,12139,12147,12148,12149
938,12151,12153,12156,12157,12158,12159,12160,12161,12162,12164
939,12165,12166,12167,12169,12170,12171,12172,12173,12174,12175,12176,12177,12178,12179,12180
940,12181
941,12182
942,12183,12184
943,12187,12188,12189,12190,12191,12192,12193,12194,12195,12197,12198,12199,12200,12202,12203,12204,12206,12207,12208,12209
944,12210,12211,12214,12218,12223,12225,12228
945,12233,12235,12236,12238,12241,12242,12243,12244,12246,12248,12249,12250,12251,12252,12253,12254,12255,12256,12257,12258,12259,12261,12262,12263,12264,12265,12267,12268,12269,12272,12273,12274,12275,12276,12277,12278,12279,12280,12281,12282,12283,12284,12287,12288,12289,12291,12292,12293,12294
946,12295,12296,12298,12300,12301,12303,12305,12308
947,12309,12310,12311,12312,12313,12315,12317,12318,12319,12323
948,12325
949,12326
950,12327
951,12331,12332,12333,12334,12335,12336,12337,12338,12340,12341,12343,12344,12346,12347,12348,12350,12351,12352,12353
952,12354,12355,12356,12357,12359,12360,12362,12363,12364,12365,12366,12367,12369,12370,12371,12372,12373,12374,12375,12376
953,12377,12386,12396,12397,12403,12404,12410,12422,12423,12427,12428
954,12439,12443,12449
955,12453,12457,12459,12460,12462
956,12469
957,12470
958,12471,12472,12473,12474
959,12475,12478
960,12498,12499,12500,12504,12515
961,12521,12530,12562,12563,12567,12571,12574,12579,12580
962,12583,12587,12591,12595
963,12597,12598,12599,12600,12602,12603,12604,12605,12606,12608,12611,12612
964,12613
965,12614
966,12615,12617,12618
967,12619,12629
968,12642,12660
969,12665,12666,12667,12668,12671,12674,12679,12680,12681,12683,12685,12687,12688,12689,12691,12694,12698,12699,12701,12704,12706,12709,12710,12711,12713,12715,12718,12719,12720,12721,12722,12723,12724,12725,12726
970,12727,12728,12729,12733,12738
971,12741,12746,12754,12756
972,12757
973,12758
974,12759,12760,12761,12762
975,12763,12764,12765,12766,12767,12768,12769,12770,12771,12772,12773,12774,12775,12776,12777,12778,12779,12780,12781,12782,12783,12784,12785
976,12786,12792,12797,12804
977,12809,12824,12828,12830,12834,12838,12847,12861,12864,12867
978,12871,12872,12873,12875,12876,12877,12878,12879,12880,12882,12884
979,12885,12886,12887,12889,12890,12891,12892,12893,12894,12895,12896,12897,12899,12900
980,12901
981,12902
982,12903
983,12907,12927
984,12930,12932,12939,12947,12951,12952
985,12953,12954,12956,12958,12960,12961,12964,12965,12966,12967,12968,12969,12970,12972,12974,12975,12976,12978,12979,12981,12982,12984,12985,12987,12988,12989,12990,12991,12993,12994,12995,12997,12998,13001,13005,13006,13009,13010,13012,13013,13014
986,13015,13016
987,13029,13030,13031,13033,13034,13035,13036,13037,13038,13039,13040,13042,13043,13044
988,13045
989,13046
990,13047,13048,13049,13050
991,13051,13057,13061,13067,13072,13073
992,13074,13075,13076,13077,13078,13079,13080,13081,13082,13083,13084,13085,13086,13087,13088,13089,13090,13091,13092,13093,13094,13095,13096
993,13097,13098,13099,13100,13101,13102,13103,13104,13105,13106,13107,13108,13109,13110,13111,13112,13113,13114,13115,13116,13117,13118,13119,13120,13121,13122,13123,13124,13125,13126,13127,13128,13129,13131,13132,13133,13134,13135,13136,13137,13138,13139,13140,13141,13142,13143,13144,13145,13146,13147,13148,13149,13150,13151,13153,13154,13155,13156,13157,13158
994,13159,13161,13162,13163,13164,13165,13166,13168,13169,13170,13172
995,13173,13174,13176,13177,13178,13179,13181,13182,13183,13184,13185,13186,13188
996,13189
997,13190
998,13191,13194
999,13195,13199,13200,13201,13203,13206,13208,13209,13210,13213,13214,13215
1000,13218,13219,13220,13221,13222,13223,13224,13225,13226,13227,13228,13229,13230,13231,13232,13233,13234,13235,13236,13237,13238,13239
1001,13241,13253,13257,13266,13267,13272,13276,13297
1002,13303,13305,13308,13311,13312,13316
1003,13317,13318,13319,13321,13325,13327,13328,13329,13331
1004,13333
1005,13334
1006,13335,13336
1007,13339,13342,13349,13352,13354,13355,13360
1008,13362,13366,13367,13370,13371,13374,13377,13384
1009,13385,13387,13391,13392,13394,13396,13397,13400,13402,13410,13413,13415,13418,13424,13425,13427,13431,13432,13436,13440,13441,13443
1010,13447,13448,13449,13450,13451,13452,13455,13456,13457,13458,13459,13460
1011,13461,13462,13463,13464,13465,13466,13467,13468,13470,13471,13472,13473,13474,13475,13476
1012,13477
1013,13478
1014,13479
1015,13483,13493,13504
1016,13506,13510,13511,13516,13518,13520,13521,13522,13523,13524,13525,13526,13527
1017,13529,13543,13563,13584
1018,13591,13592,13593,13594,13599,13602,13603
1019,13605,13606,13612,13613,13619,13620
1020,13621
1021,13622
1022,13623,13625
1023,13627,13628,13635,13637,13640,13647
1024,13650,13651,13653,13658,13659,13660,13661,13662,13663,13665,13666,13668
1025,13673,13675,13678,13681,13683,13684,13688,13689,13691,13693,13695,13701,13702,13703,13704,13705,13706,13707,13708,13709,13711,13712,13713,13715,13716,13718,13719,13720,13722,13726,13727,13729,13731,13732
1026,13735,13736,13737,13738,13739,13742,13743,13744,13745,13746,13747,13748
1027,13749,13750,13751,13755,13756,13759,13762,13763
1028,13765
1029,13766
1030,13767,13768,13769,13770
1031,13771,13772,13774,13776,13777,13778,13779,13780,13781,13782,13784,13785,13786,13787,13789,13790,13791,13793
1032,13794,13795,13796,13797,13798,13799,13800,13801,13802,13803,13804,13805,13806,13807,13808,13810,13811,13812,13813,13814,13815,13816
1033,13817,13818,13819,13842,13843,13844,13850,13853,13854,13869,13872
1034,13879,13881,13883,13884,13886,13887,13888,13889,13891,13892
1035,13893,13894,13895,13896,13897,13902,13904,13908
1036,13909
1037,13910
1038,13911,13912,13913
1039,13915,13916,13917,13919,13921,13922,13923,13924,13925,13926,13927,13928,13929,13930,13931,13933,13934,13935,13936,13937
1040,13938,13943,13947,13948,13953,13959
1041,13961,13962,13963,13964,13965,13966,13967,13968,13970,13971,13972,13973,13974,13977,13978,13979,13980,13981,13982,13983,13984,13985,13987,13988,13989,13990,13992,13993,13994,13995,13996,13997,13998,13999,14000,14002,14003,14004,14005,14006,14007,14008,14009,14011,14013,14014,14015,14016,14017,14018,14020,14021,14022
1042,14023,14024,14025,14026,14028,14029,14030,14032,14033,14034,14035
1043,14037,14038,14039,14040,14041,14042,14043,14044,14045,14046,14047,14048,14049,14050,14051,14052
1044,14053
1045,14054
1046,14055,14056,14057
1047,14059,14060,14061,14066,14067,14068,14078,14079
1048,14082,14084,14088,14089,14092,14093,14095,14096,14097,14098,14102,14103
1049,14105,14106,14107,14108,14109,14111,14112,14113,14114,14115,14117,14118,14119,14120,14121,14122,14123,14124,14125,14126,14128,14129,14130,14131,14132,14133,14134,14135,14137,14138,14139,14140,14141,14142,14143,14144,14146,14147,14148,14149,14151,14153,14154,14155,14156,14158,14160,14161,14162,14163,14164,14165,14166
1050,14167,14168,14169,14170,14171,14172,14173,14174,14175,14176,14177,14178,14179,14180
1051,14181,14185,14187,14191,14192,14193,14196
1052,14197
1053,14198
1054,14199,14200,14201,14202
1055,14203,14206,14207,14209,14210,14211,14212,14213,14215,14217,14218,14219,14221,14222,14225
1056,14226,14227,14228,14229,14230,14231,14232,14233,14234,14235,14236,14237,14239,14240,14241,14242,14244,14245,14247,14248
1057,14249,14250,14251,14253,14254,14256,14258,14259,14260,14263,14264,14266,14267,14268,14269,14270,14271,14272,14274,14275,14277,14278,14279,14280,14281,14282,14285,14286,14287,14288,14289,14290,14291,14292,14293,14294,14295,14296,14297,14298,14299,14300,14301,14302,14303,14304,14305,14307,14309,14310
1058,14311,14312,14314,14315,14317,14318,14319,14320,14321,14324
1059,14325,14326,14330,14333,14336,14337,14338
1060,14341
1061,14342
1062,14343,14345,14346
1063,14347,14349,14351,14354,14355,14358,14359,14360,14362,14363,14364,14365,14368
1064,14370,14371,14373,14374,14377,14378,14380,14381,14382,14383,14384,14385,14386,14387,14389,14390,14391,14392
1065,14393,14394,14395,14396,14397,14398,14399,14400,14401,14402,14403,14404,14405,14406,14407,14408,14409,14410,14411,14412,14413,14414,14415,14416,14417,14418,14419,14420,14421,14422,14423,14424,14425,14426,14427,14428,14429,14430,14431,14432,14433,14434,14435,14436,14437,14438,14439,14440,14441,14442,14443,14444,14445,14446,14447,14448,14449,14450,14451,14452,14453,14454
1066,14455,14456,14457,14458,14459,14460,14461,14462,14463,14464,14465,14466,14467,14468
1067,14469,14473,14475,14480,14483
1068,14485
1069,14486
1070,14487,14488,14489,14490
1071,14491,14492,14495,14497,14498,14499,14500,14501,14502,14503,14506,14507,14508,14510,14511,14512,14513
1072,14514,14521
1073,14537,14538,14539,14540,14541,14542,14543,14544,14545,14546,14547,14548,14549,14550,14551,14552,14553,14554,14555,14556,14557,14558,14559,14560,14561,14562,14563,14564,14565,14566,14567,14569,14570,14571,14572,14573,14574,14575,14576,14577,14578,14579,14580,14581,14582,14583,14584,14585,14586,14587,14588,14589,14590,14591,14592,14593,14594,14595,14596,14597,14598
1074,14599,14600,14601,14602,14603,14604,14605,14606,14607,14608,14609,14610,14612
1075,14613,14614,14615,14616,14617,14618,14619,14620,14621,14622,14623,14624,14625,14626,14628
1076,14629
1077,14630
1078,14631,14632,14634
1079,14635,14636,14639,14640,14641,14642,14643,14644,14645,14648,14649,14650,14651,14652,14653,14655,14656,14657
1080,14658,14662,14663,14665,14666,14667,14669,14670,14671,14672,14675,14676,14677,14680
1081,14681,14686,14689,14691,14692,14693,14696,14699,14700,14701,14703,14708,14709,14712,14714,14716,14717,14719,14721,14722,14723,14729,14731,14736,14739,14740,14741
1082,14743,14744,14745,14747,14748,14749,14750,14751,14752,14753,14754,14755,14756
1083,14757,14758,14759,14760,14761,14762,14763,14764,14765,14766,14768,14769,14770,14771,14772
1084,14773
1085,14774
1086,14775,14777,14778
1087,14779,14793,14794,14799
1088,14802,14803,14804,14805,14807,14808,14809,14810,14811,14812,14813,14814,14815,14816,14817,14818,14819,14820,14821,14822,14823,14824
1089,14825,14826,14828,14832,14834,14835,14836,14837,14838,14839,14840,14841,14843,14845,14847,14850,14851,14853,14854,14855,14856,14858,14859,14861,14862,14864,14865,14866,14867,14870,14871,14873,14875,14878,14879,14880,14885,14886
1090,14887,14888,14889,14890,14891,14892,14893,14894,14895,14896,14897,14898,14899,14900
1091,14901,14902,14904,14906,14907,14908,14913,14915
1092,14917
1093,14918
1094,14919,14920,14921,14922
1095,14923,14924,14925,14926,14927,14934
1096,14946,14948,14956
1097,14969,14970,14971,14973,14974,14975,14976,14977,14978,14979,14983,14985,14986,14989,14991,14992,14993,14995,14996,14997,14998,14999,15000,15002,15003,15004,15005,15007,15008,15009,15010,15011,15012,15015,15017,15018,15019,15021,15022,15023,15024,15026,15027,15029,15030
1098,15031,15038
1099,15045,15047,15053,15056,15058
1100,15061
1101,15062
1102,15063,15065
1103,15067,15068,15069,15070,15071,15072,15073,15074,15075,15076,15077,15078,15080,15081,15082,15083,15084,15085,15087,15088,15089
1104,15090,15092,15095,15097,15099,15101,15102,15107,15108,15111,15112
1105,15113,15147
1106,15175,15176,15179,15183,15185,15186,15188
1107,15189,15190,15191,15192,15193,15195,15197,15198,15199,15200,15201,15202,15203
1108,15205
1109,15206
1110,15207,15208,15209,15210
1111,15211,15212,15215,15217,15222,15224,15229,15230,15231,15232
1112,15234,15235,15236,15237,15244,15245,15249,15252,15253,15255,15256
1113,15257,15258,15259,15260,15264,15266,15267,15269,15271,15272,15273,15275,15277,15279,15281,15282,15283,15285,15286,15287,15288,15289,15292,15294,15295,15296,15298,15300,15301,15305,15308,15309,15311,15312,15313,15316,15318
1114,15319,15323,15325,15326,15329,15330
1115,15333,15334,15335,15336,15338,15339,15340,15341,15342,15343,15346,15347,15348
1116,15349
1117,15350
1118,15351,15352,15353,15354
1119,15355,15356,15358,15359,15360,15361,15362,15363,15364,15365,15366,15371,15372,15375,15376,15377
1120,15378,15379,15381,15382,15383,15384,15385,15386,15388,15389,15390,15391,15392,15393,15394,15396,15397,15398,15399,15400
1121,15401,15431,15434
1122,15463,15464,15465,15466,15467,15468,15469,15470,15471,15473,15474,15475,15476
1123,15477,15479,15480,15481,15482,15485,15486,15487,15488,15489,15490,15491,15492
1124,15493
1125,15494
1126,15495,15496,15497
1127,15499,15500,15501,15502,15503,15505,15506,15507,15508,15509,15510,15511,15512,15513,15514,15515,15516,15517,15518,15519,15520,15521
1128,15522,15523,15524,15525,15526,15527,15528,15530,15531,15532,15533,15534,15535,15536,15537,15538,15539,15540,15541,15542,15543,15544
1129,15545,15546,15548,15550,15552,15553,15554,15555,15556,15557,15558,15559,15561,15563,15564,15565,15567,15569,15570,15571,15572,15574,15575,15576,15577,15578,15579,15581,15582,15586,15587,15588,15589,15590,15591,15592,15593,15594,15595,15596,15598,15600,15601,15602,15603,15604,15605,15606
1130,15607,15610,15613,15614,15617,15620
1131,15621,15623,15626,15631
1132,15637
1133,15638
1134,15639,15640
1135,15643,15644,15645,15646,15647,15648,15650,15651,15652,15654,15655,15656,15657,15661,15662,15663,15664,15665
1136,15666,15667,15668,15669,15671,15672,15673,15674,15676,15677,15678,15679,15680,15681,15682,15683,15685,15686,15687,15688
1137,15689,15690,15692,15693,15695,15697,15698,15700,15701,15705,15707,15708,15709,15710,15711,15712,15713,15714,15715,15716,15718,15723,15724,15725,15727,15729,15731,15732,15733,15734,15735,15737,15741,15742,15744,15745,15746,15747,15749
1138,15751,15752,15753,15754,15755,15756,15757,15758,15759,15760,15761,15762,15763,15764
1139,15765,15767,15768,15774
1140,15781
1141,15782
1142,15783,15784,15785,15786
1143,15787,15788,15789,15790,15791,15792,15794,15796,15797,15799,15800,15801,15802,15803,15804,15805,15807,15808,15809
1144,15810,15811,15813,15814,15815,15817,15820,15825,15828,15829,15830,15832
1145,15833,15834,15835,15836,15837,15839,15840,15841,15842,15844,15845,15847,15848,15849,15850,15851,15852,15853,15854,15855,15856,15857,15858,15859,15860,15861,15862,15863,15864,15865,15866,15867,15868,15869,15870,15871,15873,15874,15875,15876,15877,15878,15879,15880,15881,15882,15883,15884,15886,15887,15891,15892,15893,15894
1146,15895,15896,15897,15899,15901,15904,15905,15908
1147,15909
1148,15925
1149,15926
1150,15927,15928,15929,15930
1151,15931,15934,15935,15937,15938,15940,15941,15942,15944,15945,15947,15948,15949,15951,15953
1152,15954,15955,15958,15960,15963,15964,15965,15966,15967,15968,15969,15970,15972,15973,15974,15975,15976
1153,15977,15979,15980,15981,15984,15985,15989,15995,16001,16004,16008,16010,16012,16013,16016,16019,16026,16029,16034,16036,16037,16038
1154,16039,16040,16042,16043,16044,16045,16046,16050,16051
1155,16053,16054,16056,16060,16061,16064,16067
1156,16069
1157,16070
1158,16071,16072,16073,16074
1159,16075,16076,16077,16078,16079,16083,16084,16086,16087,16088,16089,16090,16092,16093,16095,16096
1160,16098,16103,16107,16110,16111,16117
1161,16121,16122,16123,16125,16126,16128,16131,16134,16135,16137,16138,16140,16142,16143,16145,16146,16147,16148,16149,16151,16154,16155,16156,16159,16160,16163,16167,16172,16173,16175,16177,16178,16180
1162,16183,16184,16185,16186,16187,16188,16189,16190,16191,16192,16194,16195,16196
1163,16197,16198,16199,16200,16202,16203,16204,16207,16209,16210,16211,16212
1164,16213
1165,16214
1166,16215
1167,16219,16220,16221,16222,16224,16225,16226,16228,16229,16230,16231,16233,16234,16235,16236,16238,16240
1168,16242,16247,16249,16252,16264
1169,16265,16266,16267,16268,16269,16270,16271,16272,16273,16274,16275,16276,16277,16278,16279,16280,16281,16282,16283,16284,16285,16286,16287,16289,16290,16292,16293,16294,16295,16296,16297,16298,16299,16300,16301,16302,16303,16305,16306,16307,16308,16309,16310,16311,16312,16313,16314,16315,16316,16317,16318,16320,16321,16322,16323,16324,16325,16326
1170,16327,16328,16329,16330,16332,16338,16340
1171,16341,16342,16343,16344,16345,16346,16347,16349,16350,16351,16352,16353,16354,16355,16356
1172,16357
1173,16358
1174,16359,16360,16361
1175,16363,16364,16365,16367,16369,16370,16371,16373,16375,16377,16378,16379,16381,16382,16384,16385
1176,16386,16391,16399,16400,16402,16404
1177,16409,16410,16411,16412,16413,16414,16415,16416,16417,16418,16420,16421,16422,16423,16424,16425,16426,16427,16428,16429,16430,16431,16432,16433,16434,16435,16436,16438,16439,16440,16441,16442,16444,16445,16446,16447,16448,16450,16451,16452,16453,16454,16456,16457,16458,16459,16461,16462,16464,16465,16467,16468,16469,16470
1178,16471,16472,16473,16474,16476,16477,16478,16480,16481,16482,16483,16484
1179,16485,16490,16497
1180,16501
1181,16502
1182,16503,16504,16505,16506
1183,16507,16508,16509,16511,16512,16513,16515,16517,16518,16519,16520,16521,16522,16523,16524,16525,16529
1184,16530,16531,16536,16540,16542,16545,16547,16548,16550
1185,16553,16555,16556,16558,16559,16561,16562,16563,16565,16566,16567,16568,16570,16571,16572,16573,16579,16580,16581,16583,16584,16586,16590,16592,16593,16594,16597,16598,16599,16600,16604,16607,16609,16610,16612,16613
1186,16615,16616,16617,16618,16619,16620,16622,16623,16624,16626,16627,16628
1187,16629
1188,16645
1189,16646
1190,16647,16648,16649,16650
1191,16651,16652,16657,16658,16660,16662,16663,16664,16665,16667,16669,16670,16671
1192,16674,16675,16678,16683,16686,16688,16693,16695,16696
1193,16697,16699,16710,16718,16726,16729,16758
1194,16759,16760,16761,16762,16763,16764,16765,16768,16769,16770,16771,16772
1195,16773,16781
1196,16789
1197,16790
1198,16791,16792,16793,16794
1199,16795,16798
1200,16818,16819,16820,16821,16822,16823,16825,16836,16837,16838,16839
1201,16841,16845,16849,16850,16851,16855,16860,16864,16868,16870,16881,16886,16888,16894,16896,16898
1202,16903,16904,16905,16907,16908,16909,16910,16911,16912,16913,16914,16915,16916
1203,16917,16920,16921,16922,16924,16925,16926,16927,16928,16930,16931
1204,16933
1205,16934
1206,16935,16936,16938
1207,16939,16940,16941,16942,16943,16945,16947,16948,16949,16950,16951,16952,16953,16954,16955,16956,16957,16958,16959,16960,16961
1208,16962,16964,16971,16974,16975,16976,16978
1209,16985,16989,16990,16992,16993,16994,16998,17000,17001,17003,17005,17006,17007,17008,17009,17010,17011,17012,17013,17014,17016,17019,17021,17022,17023,17025,17027,17029,17030,17032,17034,17035,17036,17038,17040,17041,17043,17044,17046
1210,17047,17049,17051,17054,17057,17058,17060
1211,17061,17062,17063,17064,17065,17066,17067,17068,17069,17070,17074,17075
1212,17077
1213,17078
1214,17079,17081
1215,17083,17091,17102,17104,17105
1216,17106,17108,17109,17111,17113,17115
1217,17129,17130,17145,17147,17148,17162,17169,17171,17175,17179,17181,17184,17186,17188,17189
1218,17191,17192,17193,17194,17195,17196,17197,17198,17199,17200,17201,17202,17203,17204
1219,17205,17206,17207,17208,17211,17212,17215,17217,17219
1220,17221
1221,17222
1222,17223,17226
1223,17227,17228,17229,17230,17231,17232,17233,17234,17235,17236,17237,17238,17239,17240,17241,17242,17243,17244,17245,17246,17247,17248,17249
1224,17250,17251,17252,17253,17254,17255,17256,17258,17259,17261,17262,17263,17264,17265,17266,17267,17269,17270,17271,17272
1225,17273,17278,17309,17323
1226,17335,17336,17339,17343,17348
1227,17349,17352,17354,17356,17357,17358,17359
1228,17365
1229,17366
1230,17367,17370
1231,17371,17378,17381,17382,17386
1232,17394,17398,17413
1233,17417,17419,17420,17423,17425,17426,17427,17432,17433,17434,17435,17437,17438,17442,17445,17446,17448,17449,17450,17451,17453,17456,17457,17458,17459,17460,17464,17468,17470,17471,17473,17474,17478
1234,17479,17481,17482,17483,17485,17486,17487,17488,17490,17491,17492
1235,17493,17495,17498,17502,17504,17507,17508
1236,17509
1237,17510
1238,17511,17512,17513,17514
1239,17515,17516,17527,17532,17537
1240,17538,17539,17541,17542,17543,17544,17545,17546,17548,17549,17551,17552,17553,17554,17555,17556,17557,17558,17559,17560
1241,17561,17562,17563,17564,17565,17575,17576,17577,17579,17584,17585,17587,17590,17594,17595,17598,17599,17600,17606,17616,17619
1242,17623,17624,17629,17630,17631,17633,17636
1243,17637,17639,17640,17641,17642,17643,17644,17645,17648,17649,17650,17651,17652
1244,17653
1245,17654
1246,17655,17656,17657
1247,17659,17660,17661,17663,17664,17665,17669,17671,17676,17680
1248,17682,17684,17685,17686,17687,17689,17690,17691,17692,17694,17695,17696,17697,17698,17699,17700,17701,17702,17704
1249,17705,17706,17707,17708,17710,17713,17714,17715,17716,17718,17725,17727,17730,17731,17732,17735,17737,17739,17740,17741,17744,17751,17753,17754,17758,17759,17762,17763
1250,17767,17768,17769,17770,17771,17772,17773,17774,17775,17776,17777,17779,17780
1251,17781,17782,17794,17796
1252,17797
1253,17798
1254,17799,17800,17801,17802
1255,17803,17805,17806,17807,17810,17812,17813,17814,17815,17816,17817,17818,17819,17820,17823,17824
1256,17826,17829,17830,17831,17832,17833,17834,17837,17838,17842,17843,17845,17847,17848
1257,17849,17851,17852,17853,17854,17855,17856,17857,17858,17860,17861,17862,17863,17864,17865,17866,17867,17868,17869,17870,17874,17876,17877,17879,17881,17882,17883,17885,17886,17888,17889,17891,17893,17894,17895,17896,17897,17898,17900,17901,17902,17904,17905,17906,17908,17909,17910
1258,17911,17914,17920,17924
1259,17925,17926,17929,17932,17934,17935,17936,17938
1260,17941
1261,17942
1262,17943,17945,17946
1263,17947,17948,17949,17950,17953,17954,17961,17963,17964,17965,17966
1264,17970,17971,17972,17973,17974,17975,17976,17977,17979,17980,17983,17984,17985,17986,17987,17988,17989,17990,17991,17992
1265,17993,17997,18031,18046
1266,18055,18058,18059,18060,18061,18062,18063,18064,18066,18067,18068
1267,18069,18079,18082
1268,18085
1269,18086
1270,18087,18088,18089
1271,18091,18092,18093,18094,18095,18096,18097,18098,18099,18100,18101,18102,18103,18104,18106,18108,18113
1272,18114,18115,18116,18117,18118,18119,18120,18121,18122,18123,18124,18125,18126,18127,18128,18129,18130,18131,18132,18133,18134,18135
1273,18137,18138,18139,18140,18141,18146,18147,18150,18151,18155,18156,18157,18158,18159,18160,18162,18163,18164,18166,18167,18168,18169,18170,18177,18180,18182,18183,18185,18186,18187,18188,18189,18190,18191,18193,18198
1274,18199,18200,18202,18207,18209
1275,18213,18216,18219,18223,18225,18227
