256,1
257,2
258,3,4,5,6
259,7
260,8
261,9
262,10,11,12,13
263,14,15,17,18,19,21,22,23
264,24,25,28
265,34,39,42,43,48,49,52,55,56,58,59,61,62,63,66,70
266,71,72,73,74
267,75,76
268,85
269,86
270,87,89
271,91,92,95,96,97,98,99,100,101,102,104,105,106,107,108,110,111,113
272,114,115,116,117,118,119,120,121,122,123,124,125,126,127,128,129,134,135,136
273,137,138,139,140,142,143,144,146,148,149,150,152,154,155,157,158,159,160,161,162,164,165,166,167,168,170,172,175,176,179,180,181,182,184,186,187,188,189,190,191,192,193,195,196,197,198
274,199,200,201,202,203,206,208,209,211,212
275,213,214,215,217,218,224,225,227
276,229
277,230
278,231,232,233
279,235,237,238,239,240,241,243,244,245,246,247,248,249,250,251,252,253,254,255,256,257
280,258,259,260,261,263,264,265,266,267,268,269,270,271,272,274,275,276,277,278,279,280
281,281,283,285,286,287,288,292,294,295,296,298,300,302,304,305,306,307,309,314,315,320,322,323,327,330,331,334,335,338,339,341,342
282,343,349,354,355
283,357,358,359,360,361,362,363,364,365,366,367,368,369,371
284,373
285,374
286,375,376,377
287,379,380,381,382,383,384,386,388,389,390,392,394,396,397,398,399,401
288,402,412,421
289,425,426,429,433,435,437,438,439,443,444,445,446,447,449,450,451,452,453,455,457,458,459,460,461,462,463,464,467,468,469,470,471,473,475,476,477,479,480,482,483
290,487,489,490,493,495,497
291,501,508,513
292,517
293,518
294,519,521,522
295,523,524,530,532,533,541,543,544,545
296,546,548,549,550,551,552,553,554,555,556,557,558,559,560,561,562,563,564,565,566,567,568
297,569,571,572,574,575,579,580,583,584,585,586,591,592,595,596,598,600,601,602,603,607,608,610,611,612,616,617,619,620,621,623,625,626,628,629,630
298,631,637,638,639,641
299,645,650,660
300,661
301,662
302,663,665
303,667,669,670,673,678,679,682,684
304,690,692,694,698,702,704,707,708,709,710,711
305,713,714,716,717,718,733,739,740,748,757,759,768
306,775,776,777,778,779,780,781,782,783,784,785,786,787,788
307,789,790,791,792,793,794,795,796,798,799,800,801,803,804
308,805
309,806
310,807,808,809,810
311,811,812,813,814,815,816,817,818,819,820,821,822,823,824,825,826,827,828,829,830,831,832,833
312,834,835,837,853
313,857,863,864,869,870,872,878,879,883,884,887,889,891,892,893,896,897,898,899,902,903,904,905,909,915,918
314,919,921,923,927,928,929,930,931,932
315,933,936,938,943,944
316,949
317,950
318,951,952,953,954
319,955,959,960,961,962,963,964,965,967,969,971,973,975,976
320,978,981,991,993,996,998
321,1001,1002,1003,1004,1005,1006,1007,1009,1010,1011,1012,1013,1014,1015,1016,1017,1018,1020,1021,1022,1023,1024,1025,1026,1027,1028,1031,1032,1033,1034,1036,1037,1038,1039,1040,1041,1042,1043,1044,1045,1046,1048,1049,1050,1051,1053,1054,1055,1056,1057,1058,1059,1060,1062
322,1063,1064,1065,1066,1070,1071,1072
323,1077,1078,1079,1080,1082,1083,1084,1085,1086,1087,1088,1089,1090,1091,1092
324,1093
325,1094
326,1095,1096,1097,1098
327,1099,1102,1105,1111,1112,1113,1114,1120
328,1122,1123,1124,1125,1126,1128,1130,1131,1132,1133,1134,1135,1136,1137,1140,1142,1143
329,1145,1176,1202
330,1207,1208,1209,1210,1212,1214,1215,1216,1217,1219,1220
331,1221,1224,1225,1226,1232,1233,1235
332,1237
333,1238
334,1239,1240,1241,1242
335,1243,1244,1247,1248,1249,1250,1252,1253,1254,1256,1257,1258,1260,1261,1263
336,1266,1267,1268,1271,1272,1273,1274,1275,1276,1277,1278,1279,1280,1281,1282,1285,1286,1287
337,1289,1296,1297,1298,1299,1301,1303,1306,1311,1314,1317,1319,1321,1322,1323,1326,1327,1328,1329,1330,1332,1334,1336,1338,1339,1342,1343,1346,1348,1350
338,1351,1352,1353,1354,1356,1358,1359,1360,1362
339,1365,1367,1368,1369,1370,1371,1373,1374,1375,1376,1377,1378,1379,1380
340,1381
341,1382
342,1383,1384,1385,1386
343,1387,1389,1390,1392,1393,1394,1395,1396,1400,1401,1403,1405,1407,1408
344,1410,1411,1412,1413,1414,1416,1419,1421,1422,1423,1427,1428,1431,1432
345,1433,1445,1452,1455,1458,1460,1462,1466,1475,1481,1485,1491
346,1495,1496,1497,1498,1499,1500,1502,1503,1505,1506,1507,1508
347,1509,1512,1518,1523
348,1525
349,1526
350,1527,1528,1529
351,1531,1532,1533,1537,1538,1539,1542,1543,1544,1545,1546,1547,1548,1549,1550,1553
352,1554,1555,1556,1557,1560,1561,1562,1564,1565,1566,1567,1569,1572,1575,1576
353,1577,1578,1581,1582,1583,1585,1586,1587,1588,1593,1595,1597,1600,1601,1602,1603,1612,1614,1615,1618,1620,1622,1623,1624,1625,1633,1636,1638
354,1639,1643,1645,1647,1651
355,1653,1654,1655,1656,1657,1659,1661,1662,1664,1665,1666,1667,1668
356,1669
357,1670
358,1671,1672,1673,1674
359,1675,1676,1682,1690,1696,1697
360,1698,1699,1700,1701,1702,1703,1704,1705,1706,1709,1711,1713,1716,1717,1719,1720
361,1721,1722,1723,1724,1725,1727,1729,1730,1731,1732,1734,1737,1738,1739,1741,1742,1743,1746,1749,1750,1753,1754,1756,1757,1760,1764,1766,1767,1768,1770,1772,1773,1775,1776
362,1783,1784,1785,1786,1789,1791,1793,1794,1795,1796
363,1797,1799,1800,1801,1803,1804,1806,1808,1809,1810,1811
364,1813
365,1814
366,1815,1816,1817,1818
367,1819,1821,1822,1824,1826,1827,1828,1829,1830,1831,1832,1833,1834,1835,1836,1837,1838,1839,1841
368,1842,1847,1851,1856,1858,1861,1863
369,1865,1872,1875,1876,1877,1881,1884,1887,1888,1896,1900,1902,1910,1914,1917
370,1927,1928,1929,1930,1931,1932,1933,1934,1936,1938,1940
371,1941,1942,1943,1944,1945,1946,1947,1948,1949,1950,1951,1952,1953,1954,1955,1956
372,1957
373,1958
374,1959
375,1963,1964,1965,1966,1967,1968,1970,1971,1972,1973,1974,1975,1976,1977,1978,1979,1980,1981,1982,1983,1985
376,1986,1987,1990,1992,1996,1998,1999,2000,2008
377,2009,2017,2023,2026,2028,2033,2037,2038,2040,2042,2047,2050,2056,2059,2068,2070
378,2071,2072,2075,2083
379,2085,2092,2093,2098
380,2101
381,2102
382,2103,2104,2105,2106
383,2107,2109,2110,2111,2112,2113,2115,2116,2118,2121,2122,2123,2124,2125,2126
384,2130,2150
385,2153,2156,2157,2160,2162,2163,2164,2168,2170,2171,2172,2173,2177,2179,2180,2181,2182,2184,2185,2186,2187,2188,2189,2190,2191,2193,2194,2197,2198,2199,2200,2201,2204,2206,2208,2209,2210,2211,2212,2213,2214
386,2215,2217,2218,2219,2220,2221,2222,2223,2225,2226,2227,2228
387,2229,2230,2231
388,2245
389,2246
390,2247,2249,2250
391,2251,2255,2256,2262,2270
392,2274,2296
393,2297,2298,2299,2300,2301,2302,2303,2304,2305,2306,2307,2308,2309,2310,2311,2312,2313,2314,2316,2317,2318,2319,2320,2322,2323,2324,2325,2326,2327,2329,2330,2332,2333,2334,2335,2336,2337,2338,2339,2340,2341,2342,2344,2345,2346,2347,2348,2349,2350,2351,2352,2353,2354,2355,2356,2358
394,2359,2360,2361,2362,2363,2364,2365,2366,2367,2368,2369,2370,2372
395,2373,2374,2375,2377,2380,2382,2383,2385
396,2389
397,2390
398,2391,2392,2393,2394
399,2395,2396,2397,2398,2399,2400,2401,2402,2403,2404,2405,2406,2407,2408,2409,2410,2411,2412,2413,2414,2415,2417
400,2418,2419,2420,2421,2423,2424,2425,2426,2427,2428,2432,2433,2434,2435,2436,2439,2440
401,2441,2446,2462,2468,2488
402,2503,2504,2505,2506,2507,2508,2509,2510,2511,2512,2515,2516
403,2517,2527
404,2533
405,2534
406,2535,2537,2538
407,2539,2540,2541,2543,2544,2545,2547,2548,2549,2550,2551,2552,2553,2554,2555,2556,2557,2558,2559,2560,2561
408,2562,2574,2576
409,2585,2586,2587,2588,2589,2591,2593,2594,2595,2596,2597,2599,2601,2604,2605,2606,2607,2608,2609,2612,2614,2615,2616,2617,2618,2620,2621,2622,2624,2625,2626,2627,2629,2630,2631,2633,2635,2636,2637,2638,2642,2643,2645,2646
410,2647,2648,2650,2657
411,2661,2662,2663,2664,2665,2666,2667,2668,2669,2671,2672,2673,2675,2676
412,2677
413,2678
414,2679,2680
415,2683,2686,2698
416,2706,2707,2708,2709,2710,2711,2712,2713,2714,2715,2716,2717,2718,2719,2720,2721,2722,2723,2724,2725,2726,2727,2728
417,2729,2730,2731,2734,2737,2738,2739,2740,2741,2742,2745,2747,2751,2755,2756,2757,2760,2762,2764,2765,2767,2769,2770,2771,2772,2773,2776,2778,2779,2780,2784,2788,2789,2790
418,2791,2792,2793,2794,2795,2796,2797,2798,2799,2800,2802,2804
419,2805,2806,2807,2808,2809,2811,2813,2815,2818,2819,2820
420,2821
421,2822
422,2823,2824,2825,2826
423,2827,2828,2830,2831,2832,2833,2834,2836,2838,2840,2843,2844,2845,2846,2847,2848,2849
424,2850,2860,2862,2864,2865,2867,2868,2869,2870
425,2873,2883,2889,2895,2898,2900,2901,2905,2909,2910,2923,2925,2927,2928,2929,2930
426,2935,2936,2937,2940,2941,2943,2944
427,2949,2950,2951,2952,2953,2954,2955,2956,2957,2958,2959,2960,2961,2962,2963,2964
428,2965
429,2966
430,2967,2968,2969,2970
431,2971,2974,2975,2976,2977,2978,2981,2982,2983,2984,2985,2986,2987,2988,2989,2990,2991,2993
432,2994,2995,2996,2997,2998,2999,3000,3001,3005,3006,3008,3009,3010,3011,3013,3014
433,3017,3018,3021,3022,3023,3024,3025,3027,3028,3029,3030,3031,3032,3033,3034,3035,3036,3038,3039,3040,3041,3042,3043,3045,3046,3049,3050,3051,3052,3053,3054,3055,3056,3057,3058,3059,3060,3061,3062,3063,3064,3065,3067,3068,3070,3071,3072,3073,3074,3075,3076,3077
434,3079,3083
435,3093,3094,3097,3098,3099,3100,3102,3103,3107
436,3109
437,3110
438,3111,3113,3114
439,3115,3118,3119,3120,3121,3126,3128,3132,3134
440,3138,3139,3140,3141,3142,3143,3145,3147,3148,3149,3150,3151,3153,3154,3155,3159,3160
441,3161,3165,3171,3174,3175,3178,3199,3200,3204,3206,3207,3210,3211,3214,3218,3219
442,3223,3224,3225,3227,3229,3230,3232,3233,3234
443,3237,3239,3240,3241,3243,3246,3250
444,3253
445,3254
446,3255,3256,3257,3258
447,3259,3260,3261,3262,3263,3264,3265,3266,3267,3268,3269,3270,3272,3273,3274,3275,3276,3277,3278,3279,3280,3281
448,3282,3284,3286,3287,3288,3289,3291,3292,3293,3295,3296,3298,3300,3301,3302,3303,3304
449,3305,3306,3310,3316,3317,3319,3323,3328,3329,3330,3335,3337,3338,3341,3342,3344,3347,3349,3350,3351,3355,3360,3361,3364
450,3367,3368,3369,3370,3371,3372,3373,3374,3375,3376,3377,3378,3379
451,3381,3382,3383,3384,3385,3386,3387,3388,3389,3390,3392,3393,3394,3395,3396
452,3397
453,3398
454,3399,3400,3402
455,3403,3406,3411,3413,3414,3416,3418,3419,3420,3421,3422,3424,3425
456,3426,3427,3428,3429,3430,3431,3432,3434,3435,3436,3437,3438,3439,3440,3443,3444,3445,3446,3447
457,3449,3450,3452,3453,3455,3457,3459,3460,3461,3463,3464,3466,3468,3469,3470,3472,3475,3476,3477,3482,3483,3485,3487,3489,3490,3493,3494,3496,3497,3500,3502,3504,3505,3506,3508,3509,3510
458,3511,3512,3517,3518,3521
459,3525,3526,3527,3529,3530,3531,3532,3533,3534,3535,3536,3537,3540
460,3541
461,3542
462,3543,3544,3545,3546
463,3547,3549,3550,3553,3554,3557,3558,3559,3560,3562,3563,3564,3565,3568
464,3570,3571,3572,3573,3574,3575,3576,3577,3578,3579,3580,3581,3582,3584,3585,3587,3588,3589,3590,3591,3592
465,3593,3595,3596,3597,3599,3601,3603,3605,3606,3607,3608,3609,3610,3611,3612,3614,3615,3616,3617,3618,3620,3621,3622,3624,3626,3627,3628,3629,3630,3635,3636,3637,3638,3639,3641,3642,3643,3644,3645,3646,3647,3648,3649,3650,3653,3654
466,3655,3656,3657,3659,3662,3663,3668
467,3669,3670,3671,3672,3673,3674,3675,3676,3677,3678,3679,3680,3681,3682,3683,3684
468,3685
469,3686
470,3687,3690
471,3691,3692,3693,3694,3695,3697,3698,3699,3700,3701,3703,3704,3706,3707,3708,3709,3710,3711,3713
472,3714,3717,3723,3726,3727
473,3737,3748,3752,3764,3770,3782
474,3799,3801,3802,3803,3804,3806,3807,3808,3809,3810
475,3813,3814,3815,3816,3819,3822,3824,3825
476,3829
477,3830
478,3831,3832,3833,3834
479,3835,3836,3837,3841,3844,3845,3846,3847,3848,3849,3852,3856,3857
480,3858,3859,3860,3862,3863,3864,3865,3866,3867,3868,3869,3870,3871,3873,3874,3875,3876,3877,3878,3879,3880
481,3881,3883,3886,3889,3891,3892,3893,3896,3897,3898,3901,3902,3903,3905,3908,3909,3910,3913,3917,3919,3924,3925,3926,3927,3928,3931,3933,3934,3936,3938,3940
482,3943,3947
483,3957,3959,3960,3964,3966,3967,3969,3972
484,3973
485,3974
486,3975,3976,3978
487,3979,3980,3982,3983,3984,3985,3986,3987,3988,3989,3990,3991,3992,3994,3995,3996,3997,3998,3999,4000,4001
488,4002,4004,4006,4007,4008,4009,4010,4011,4016,4018,4022,4023,4024
489,4025,4026,4027,4029,4030,4031,4032,4033,4034,4035,4036,4041,4042,4043,4045,4046,4047,4048,4049,4050,4051,4055,4056,4058,4059,4060,4062,4063,4064,4067,4071,4072,4075,4076,4078,4079,4080,4081,4086
490,4087,4088,4089,4090,4091,4092,4093,4095,4096,4097,4098,4099,4100
491,4101,4105,4106
492,4117
493,4118
494,4119,4120,4122
495,4123,4124,4125,4126,4127,4128,4129,4130,4131,4132,4133,4134,4135,4136,4137,4139,4140,4142,4143,4144,4145
496,4146,4147,4149,4150,4151,4152,4153,4155,4156,4159,4162
497,4169,4172,4173,4178,4180,4185,4195,4196,4213,4214,4222
498,4231,4232,4233,4237,4241,4243,4244
499,4245,4246,4247,4248,4249,4250,4251,4252,4253,4254,4255,4256,4257,4258,4259,4260
500,4261
501,4262
502,4263,4264,4266
503,4267,4268,4271,4274,4276,4280,4281,4284,4285,4287,4288
504,4290,4299,4302,4304,4306
505,4313,4335
506,4375,4387
507,4389,4400
508,4405
509,4406
510,4407,4409
511,4411,4415,4426,4427,4428,4429,4430,4431,4432
512,4434,4435,4437,4439,4440,4442,4443,4447,4450,4451,4454,4455
513,4457,4462,4463,4468,4472,4474,4478,4479,4481,4484,4487,4492,4494,4504,4514,4516,4518
514,4519,4520,4523,4527,4532
515,4533,4534,4545,4547,4548
516,4549
517,4550
518,4551,4552,4554
519,4555,4566
520,4578,4583,4585,4587,4588,4590,4591,4593,4595,4597,4598,4599
521,4601,4602,4603,4604,4606,4607,4609,4610,4612,4613,4615,4616,4617,4618,4620,4621,4622,4623,4624,4625,4626,4627,4628,4629,4630,4631,4632,4634,4635,4636,4637,4639,4640,4641,4642,4643,4644,4645,4646,4647,4648,4649,4650,4651,4653,4655,4656,4657,4658,4659,4660,4661,4662
522,4663,4665,4668,4669,4671,4672,4674,4675
523,4677,4679,4680,4681,4684,4685,4687,4689,4690,4691,4692
524,4693
525,4694
526,4695,4697,4698
527,4699,4700,4702,4704,4706,4707,4716,4717,4721
528,4722,4726,4730,4734
529,4745,4747,4749,4750,4751,4753,4754,4755,4758,4759,4760,4762,4763,4767,4770,4771,4776,4777,4778,4779,4781,4784,4785,4787,4788,4790,4791,4793,4794,4798,4800,4801
530,4807,4811,4817,4819
531,4821,4824,4827,4833,4835
532,4837
533,4838
534,4839,4842
535,4843,4846,4849,4852,4857,4858,4860,4864
536,4866,4867,4873,4874,4875,4876,4877,4881,4885,4887
537,4889,4892,4894,4895,4896,4897,4902,4906,4907,4910,4911,4915,4917,4919,4921,4925,4928,4930,4933,4935,4936,4937,4939,4943,4945,4949
538,4951,4954
539,4965,4971,4974
540,4981
541,4982
542,4983,4984,4985,4986
543,4987,4989,4990,4992,4993,4994,4995,4996,4997,4998,4999,5000,5001,5002,5003,5004,5005,5007,5008,5009
544,5010,5016,5018,5019,5020,5021,5022,5025,5027,5030,5032
545,5033,5042,5058,5067,5070,5071,5076,5079,5092,5093
546,5095,5096,5097,5098,5099,5100,5101,5104,5108
547,5109,5111,5112,5113,5114,5116,5120,5121,5123,5124
548,5125
549,5126
550,5127,5130
551,5131,5132,5133,5134,5135,5136,5137,5138,5139,5140,5141,5142,5143,5144,5145,5146,5148,5149,5150,5151,5152
552,5154,5155,5156,5158,5159,5160,5162,5163,5164,5166,5168,5169,5170,5172,5173,5174
553,5177,5178,5180,5182,5183,5185,5188,5190,5191,5192,5195,5196,5198,5199,5200,5201,5204,5206,5208,5209,5210,5211,5212,5214,5215,5222,5223,5226,5227,5228,5230,5231,5233,5236,5237
554,5239,5242,5252
555,5253,5255,5259,5261,5263,5264,5266,5267,5268
556,5269
557,5270
558,5271,5272,5273,5274
559,5275,5277,5280,5288
560,5298,5299,5303,5304,5306,5308,5311,5314,5317
561,5321,5324,5325,5327,5328,5332,5333,5337,5338,5340,5344,5354,5356,5364,5365,5371,5376,5379,5381
562,5383,5384,5385,5390,5391,5392,5394
563,5397,5398,5399,5400,5401,5402,5403,5404,5408,5410,5411
564,5413
565,5414
566,5415,5416
567,5419,5420,5421,5422,5423,5424,5425,5426,5427,5429,5430,5431,5432,5433,5434,5435,5437,5438,5439,5440,5441
568,5442,5444,5455,5464
569,5465,5466,5467,5469,5470,5471,5472,5473,5476,5478,5480,5483,5492,5495,5504,5508,5511,5514,5517,5519,5521
570,5527,5528,5529,5531,5532,5533,5534,5535,5536,5538,5539,5540
571,5541,5542,5543,5544,5545,5546,5547,5549,5550,5551,5552,5553,5554,5555,5556
572,5557
573,5558
574,5559
575,5563,5564,5565,5573,5576,5579,5580
576,5586,5587,5590,5591,5596,5602,5605,5608
577,5609,5610,5611,5612,5613,5614,5615,5616,5617,5618,5619,5620,5621,5622,5625,5627,5628,5629,5630,5633,5634,5635,5636,5637,5638,5639,5640,5642,5643,5644,5645,5647,5649,5650,5651,5652,5653,5654,5655,5656,5657,5658,5659,5660,5661,5662,5663,5665,5666,5667,5668,5669,5670
578,5671,5672,5673,5675,5676,5677,5678,5679,5680,5681,5682,5683,5684
579,5685,5686,5687,5689,5691,5692,5693,5695,5696
580,5701
581,5702
582,5703,5706
583,5707,5708,5714,5716,5717,5719,5720,5721,5725,5726
584,5730,5747,5749
585,5753,5759,5761,5762,5764,5777,5800,5810
586,5815,5817,5824,5826
587,5829,5830,5831,5832,5834,5835,5837,5839,5840,5841,5842,5843,5844
588,5845
589,5846
590,5847,5850
591,5851,5852,5853,5854,5857,5860,5862,5863,5866,5869,5871
592,5874,5875,5876,5878,5879,5881,5885,5886,5889,5891,5893
593,5897,5899,5901,5907,5925,5940,5950
594,5959,5960,5961,5962,5963,5964,5965,5966,5967,5968,5969,5970,5971,5972
595,5973,5976,5977,5978,5979,5980,5981,5984,5985,5986,5987,5988
596,5989
597,5990
598,5991,5992,5993,5994
599,5995,5996,5997,5998,5999,6000,6001,6002,6003,6005,6006,6007,6008,6009,6011,6012,6013,6016
600,6018,6030,6033,6040
601,6041,6048,6057,6065,6066,6084
602,6103,6104,6109,6110,6111,6112,6113,6115,6116
603,6117,6121,6128,6131
604,6133
605,6134
606,6135,6136,6137,6138
607,6139,6140,6141,6142,6143,6144,6145,6146,6147,6149,6150,6151,6152,6154,6155,6156,6157,6158,6159,6160,6161
608,6162,6163,6164,6165,6166,6167,6168,6169,6170,6171,6172,6173,6174,6175,6176,6177,6178,6179,6180,6181,6182,6184
609,6185,6187,6196,6208,6242
610,6247,6257
611,6261,6262,6263,6264,6265,6268,6270,6271,6272,6275
612,6277
613,6278
614,6279,6280
615,6283,6284,6285,6287,6290,6292,6294,6299,6304,6305
616,6306,6310,6313,6316,6323,6324
617,6329,6334,6335,6336,6340,6341,6351,6354,6357,6359,6361,6362,6368,6374,6375,6380,6381,6382
618,6391,6394,6395,6396,6397,6398,6399,6400,6402,6404
619,6405,6417,6419
620,6421
621,6422
622,6423,6425,6426
623,6427,6428,6433,6439,6441,6442,6444,6448
624,6450,6451,6453,6454,6455,6456,6457,6458,6459,6460,6462,6463,6464,6465,6466,6468,6469,6471,6472
625,6473,6478,6487,6492,6508
626,6535,6536,6537,6538,6540,6541,6542,6543,6546,6548
627,6549,6550,6552,6553,6554,6556,6558,6559,6560,6561,6562,6564
628,6565
629,6566
630,6567,6568,6569
631,6571,6572,6573,6574,6575,6577,6578,6579,6581,6582,6583,6584,6585,6587,6588,6590,6591,6592
632,6594,6612
633,6617,6622,6626,6627,6628,6629,6630,6631,6633,6634,6635,6636,6639,6640,6644,6646,6650,6659,6662,6663,6664,6671,6675,6677,6678
634,6679,6680,6682,6683,6686,6687,6688,6689,6691,6692
635,6693,6695,6700,6705,6706
636,6709
637,6710
638,6711,6712,6714
639,6715,6716,6719,6720,6721,6722,6727,6729,6733,6734
640,6738,6744,6745,6746,6748,6749,6752,6753,6754,6756,6757,6758,6760
641,6761,6762,6763,6767,6768,6769,6770,6771,6772,6773,6775,6782,6783,6784,6787,6789,6793,6795,6800,6802,6803,6804,6811,6812,6813,6815,6817,6820
642,6823,6827,6833
643,6837,6849
644,6853
645,6854
646,6855,6858
647,6859,6861,6872,6874,6875,6876
648,6882,6883,6884,6885,6886,6887,6888,6889,6890,6891,6892,6893,6894,6895,6896,6897,6898,6899,6900,6901,6902,6903,6904
649,6905,6912,6914,6915,6916,6918,6923,6925,6928,6931,6933,6934,6939,6941,6944,6945,6946,6947,6952,6953,6957,6962
650,6967,6969,6972,6976,6980
651,6981,6982,6983,6984,6985,6989,6990,6993
652,6997
653,6998
654,6999,7002
655,7003,7005,7006,7007,7008,7010,7011,7012,7013,7014,7015,7016,7017,7018,7019,7020,7021,7022,7023,7024,7025
656,7026,7029,7032
657,7049,7062,7070,7080,7090,7100
658,7111,7112,7113,7114,7115,7116,7117,7118,7119,7120,7121,7122,7123,7124
659,7125,7130,7134,7139
660,7141
661,7142
662,7143,7144,7145,7146
663,7147,7153,7164,7168
664,7170,7171,7172,7173,7174,7175,7177,7178,7179,7180,7181,7182,7183,7184,7185,7186,7187,7188,7189,7190,7191,7192
665,7193,7194,7195,7196,7197,7198,7199,7200,7201,7202,7203,7204,7205,7206,7207,7208,7209,7210,7211,7212,7213,7214,7215,7216,7217,7218,7219,7220,7221,7222,7223,7224,7225,7226,7227,7228,7229,7230,7231,7232,7233,7234,7235,7236,7237,7238,7239,7240,7241,7242,7243,7244,7245,7246,7247,7248,7249,7250,7251,7252,7253,7254
666,7255,7259,7264
667,7269,7271,7273,7275,7277,7279,7283,7284
668,7285
669,7286
670,7287,7289
671,7291,7292,7293,7294,7295,7296,7297,7298,7299,7300,7301,7302,7303,7304,7305,7306,7307,7308,7309,7310,7311,7312,7313
672,7314,7316,7318,7321,7322,7325,7326,7329,7330,7331,7332,7334,7335,7336
673,7337,7340,7344,7346,7347,7350,7352,7354,7362,7363,7364,7366,7367,7370,7371,7372,7373,7374,7378,7379,7380,7382,7383,7385,7393,7394,7395,7397
674,7399,7404,7408,7412
675,7413,7414,7416,7417,7418,7420,7422,7423,7424,7425,7426,7427
676,7429
677,7430
678,7431,7432,7433,7434
679,7435,7456
680,7458,7460,7462,7473,7474,7475,7478
681,7481,7482,7484,7485,7487,7490,7491,7492,7494,7495,7496,7501,7502,7503,7504,7505,7506,7507,7508,7509,7511,7512,7513,7514,7515,7519,7521,7522,7526,7527,7528,7529,7531,7533,7534,7536,7539
682,7543,7544,7545,7546,7547,7548,7549,7550,7551,7552,7553,7554,7555,7556
683,7557,7558,7560,7561,7562,7563,7565,7566,7567,7568,7569,7570,7572
684,7573
685,7574
686,7575,7576,7577
687,7579,7584,7585,7587,7588,7589,7592,7594,7597
688,7602,7603,7605,7607,7609,7612,7613,7615,7616,7617,7619,7621,7623,7624
689,7625,7630,7633,7634,7638,7648,7650,7652,7656,7662,7670,7671,7672,7677,7684,7685,7686
690,7687,7690,7691,7693,7697,7699
691,7701,7702,7703,7704,7705,7706,7707,7708,7709,7710,7711,7712,7713,7714,7715,7716
692,7717
693,7718
694,7719,7720,7721
695,7723,7736,7738
696,7746,7748,7750,7753,7754,7757,7766
697,7769,7770,7771,7772,7773,7774,7776,7777,7778,7779,7781,7782,7784,7785,7786,7787,7788,7789,7790,7791,7792,7793,7794,7795,7796,7797,7798,7799,7800,7801,7802,7803,7804,7805,7806,7807,7808,7809,7810,7811,7812,7813,7814,7815,7816,7817,7819,7820,7821,7822,7823,7825,7826,7827,7828
698,7831,7837,7840,7842,7844
699,7845,7849,7850,7858
700,7861
701,7862
702,7863,7864,7866
703,7867,7868,7869,7872,7873,7874,7875,7877,7878,7880,7882,7884,7885,7886,7887,7888,7889
704,7890,7892,7894
705,7913,7914,7915,7917,7918,7919,7920,7922,7923,7924,7925,7926,7927,7928,7929,7930,7931,7932,7933,7934,7935,7936,7938,7939,7940,7941,7942,7944,7945,7946,7947,7948,7949,7950,7951,7952,7953,7954,7955,7956,7957,7958,7959,7960,7961,7962,7963,7964,7965,7967,7968,7969,7970,7971,7972,7973,7974
706,7975,7976,7977,7978,7979,7980,7981,7982,7983,7985,7986,7988
707,7989,7990,7991,7997,7998,7999,8000,8002,8003,8004
708,8005
709,8006
710,8007,8010
711,8011,8012,8014,8015,8017,8018,8019,8021,8022,8023,8024,8025,8026,8027,8028,8029,8031,8033
712,8034,8035,8036,8037,8038,8039,8041,8044,8047,8048,8049,8053,8055
713,8057,8059,8060,8061,8062,8064,8065,8066,8068,8070,8074,8077,8078,8079,8081,8082,8083,8087,8088,8089,8090,8092,8093,8094,8095,8097,8098,8099,8101,8103,8107,8108,8109,8110,8111,8112,8113,8114,8115
714,8119,8120,8121,8122,8123,8124,8125,8126,8127,8128,8129,8130,8131,8132
715,8133,8135,8136,8137,8139,8140,8141,8142,8143,8144,8145,8146,8147,8148
716,8149
717,8150
718,8151,8153
719,8155,8156,8157,8158,8161,8162,8165,8170,8171,8172,8176
720,8178,8179,8185
721,8201,8202,8203,8204,8206,8207,8208,8211,8213,8214,8216,8217,8218,8220,8221,8226,8227,8230,8231,8233,8234,8236,8238,8239,8240,8241,8243,8244,8245,8246,8248,8249,8250,8251,8253,8254,8255,8260,8261,8262
722,8263,8264,8265,8266,8267,8268,8269,8270,8272,8274,8275,8276
723,8277,8287
724,8293
725,8294
726,8295,8296
727,8299,8300,8301,8302,8303,8304,8305,8306,8307,8308,8309,8310,8311,8312,8314,8315,8316,8317,8318,8320
728,8322,8323,8324,8325,8326,8328,8330,8332,8334,8335,8336,8338,8339,8340,8343,8344
729,8345,8346,8347,8351,8353,8355,8356,8358,8367,8368,8371,8373,8375,8377,8391,8395,8396
730,8407,8408,8410,8411,8412,8413,8414,8415,8416,8417,8418,8420
731,8421,8422,8423,8424,8425,8428,8432,8433,8434
732,8437
733,8438
734,8439,8441,8442
735,8443,8444,8445,8446,8447,8448,8449,8450,8451,8452,8453,8454,8455,8456,8458,8459,8460,8461,8462,8463,8464,8465
736,8466,8468,8471,8472,8473,8474,8476,8477,8479,8481,8484
737,8489,8490,8493,8497,8501,8507,8510,8513,8518,8519,8520,8523,8524,8526,8530,8534,8536,8538,8539,8542,8545,8546
738,8551,8552,8558,8560
739,8565,8566,8578
740,8581
741,8582
742,8583,8586
743,8587,8596,8609
744,8610,8612,8613,8614,8615,8616,8618,8619,8620,8621,8623,8625,8626,8627,8630,8631
745,8633,8648,8652,8658,8660,8667
746,8695,8697,8698,8699,8700,8701,8702,8704,8705,8706,8707,8708
747,8709,8720,8722
748,8725
749,8726
750,8727,8728,8729,8730
751,8731,8733,8734,8735,8736,8737,8738,8739,8740,8744,8745,8747,8748,8749,8750,8751,8752
752,8754,8760,8765
753,8777,8780,8782,8784,8788,8789,8790,8797,8798,8799,8800,8803,8805,8807,8809,8812,8814,8817,8818,8819,8820,8823,8834,8836,8837,8838
754,8839,8843,8845,8848,8849,8850,8852
755,8853,8854,8855,8856,8857,8858,8861,8862,8863,8864,8865,8866,8867,8868
756,8869
757,8870
758,8871,8873
759,8875,8876,8879,8880,8881,8883,8884,8885,8886,8887,8889,8890,8891,8892,8893,8894,8895,8896,8897
760,8898,8901,8904,8908
761,8921,8923,8925,8929,8930,8933,8935,8936,8939,8941,8942,8945,8947,8948,8949,8950,8957,8958,8965,8968,8970,8971,8972,8978,8981
762,8983,8984,8985,8988,8990,8991,8992,8993,8994,8995,8996
763,8997,9000,9002,9005,9006
764,9013
765,9014
766,9015,9016,9017,9018
767,9019,9021,9022,9029,9035
768,9042,9045,9052,9055,9057
769,9065,9066,9067,9068,9070,9071,9072,9074,9075,9076,9078,9079,9080,9082,9083,9084,9086,9087,9088,9089,9090,9093,9094,9095,9096,9098,9102,9105,9106,9107,9110,9112,9113,9114,9119,9120,9121,9122,9123,9124,9125
770,9127,9129,9131,9132,9133,9134,9135,9137,9138
771,9141,9142,9144,9145,9146,9147,9148,9149,9150,9151,9152,9153,9154,9155,9156
772,9157
773,9158
774,9159,9160
775,9163,9164,9165,9167,9168,9175,9176,9178,9179,9184,9185
776,9186,9187,9188,9189,9190,9194,9195,9196,9197,9199,9200,9201,9202,9204,9205,9207
777,9209,9215,9216,9217,9218,9219,9220,9221,9224,9225,9226,9227,9229,9233,9234,9235,9238,9240,9243,9245,9248,9249,9254,9255,9257,9260,9261,9262,9263,9265,9269
778,9271,9274,9275
779,9285,9286,9287,9288,9290,9291,9292,9293,9294,9295,9296,9297,9298,9299
780,9301
781,9302
782,9303,9305,9306
783,9307,9309,9311,9312,9314,9315,9316,9317,9318,9319,9320,9321,9322,9323,9324,9325,9327,9329
784,9330,9331,9332,9344,9346,9348,9349,9350
785,9353,9354,9355,9358,9360,9361,9363,9367,9371,9372,9375,9376,9378,9379,9381,9382,9384,9386,9387,9389,9390,9393,9395,9396,9397,9398,9399,9401,9402,9405,9406,9407,9408,9414
786,9415,9419,9420,9421,9425,9428
787,9429,9431,9438,9439,9440,9441,9443,9444
788,9445
789,9446
790,9447,9448,9449,9450
791,9451,9469
792,9474,9475,9479,9486,9491,9492
793,9497,9498,9499,9500,9502,9503,9505,9506,9507,9508,9510,9511,9512,9513,9514,9515,9516,9517,9518,9520,9521,9522,9523,9525,9526,9527,9528,9529,9531,9532,9533,9534,9535,9536,9537,9538,9539,9540,9541,9543,9544,9545,9546,9547,9548,9549,9550,9551,9552,9553,9554,9556,9558
794,9559,9560,9561,9562,9563,9564,9565,9566,9567,9568,9569,9570,9571,9572
795,9573,9575,9577,9583,9584,9588
796,9589
797,9590
798,9591,9594
799,9595,9596,9597,9599,9601,9602,9604,9607,9609,9610,9613,9614,9617
800,9618,9619,9620,9621,9623,9624,9625,9626,9627,9628,9630,9631,9632,9633,9634,9635,9636,9637,9638,9639,9640
801,9641,9642,9643,9644,9645,9648,9651,9652,9653,9654,9655,9656,9657,9659,9660,9661,9662,9663,9664,9666,9667,9668,9669,9672,9673,9676,9677,9678,9679,9681,9682,9683,9684,9685,9686,9688,9689,9690,9691,9692,9693,9694,9695,9696,9697,9700,9702
802,9703,9707
803,9717,9719,9724
804,9733
805,9734
806,9735,9736,9738
807,9739,9741,9743,9744,9746,9749,9751,9752,9753,9755,9756,9760,9761
808,9762,9769,9772,9775,9776,9779,9784
809,9785,9792,9793,9794,9799,9803,9806,9808,9809,9811,9816,9821,9823,9828,9831,9836,9838,9842,9843,9844,9845,9846
810,9847,9849,9851,9854,9857,9860
811,9861,9866,9874
812,9877
813,9878
814,9879,9880,9881
815,9883,9890,9891,9892,9897,9900,9903,9905
816,9906,9921,9927
817,9929,9932,9933,9936,9942,9943,9945,9946,9947,9948,9949,9950,9951,9954,9957,9958,9959,9963,9965,9966,9968,9969,9971,9974,9975,9977,9980,9983,9985,9986,9987,9989,9990
818,9991,9995,9997,9999,10000,10002,10003
819,10005,10006,10007,10011,10014,10017,10020
820,10021
821,10022
822,10023,10024,10025,10026
823,10027,10028,10031,10033,10038,10039,10044
824,10050,10052,10059,10063,10064,10066,10067,10068
825,10073,10077,10082,10084,10093,10097,10101,10107,10111,10117,10124,10134
826,10135,10136,10137,10138,10139,10140,10141,10142,10144,10145,10146,10147,10148
827,10149,10158
828,10165
829,10166
830,10167,10169
831,10171,10183,10184,10188
832,10194,10197,10198,10199,10200,10203,10205,10206,10208,10210,10215
833,10217,10224,10231,10233,10241,10242,10244,10248,10251,10254,10256,10265
834,10279,10280
835,10293,10295,10297,10299,10303,10304,10305
836,10309
837,10310
838,10311,10312,10313
839,10315,10316,10317,10318,10319,10320,10321,10324,10325,10326,10327,10328,10329,10330,10331,10333,10334,10335,10336,10337
840,10338,10340,10341,10342,10343,10344,10345,10348,10349,10351,10352,10354,10355,10356,10357,10358,10359,10360
841,10361,10362,10363,10364,10365,10366,10367,10369,10370,10371,10372,10373,10374,10375,10376,10378,10379,10380,10381,10382,10383,10384,10385,10386,10387,10388,10389,10390,10391,10393,10394,10395,10396,10397,10398,10399,10400,10401,10402,10403,10404,10405,10406,10407,10408,10409,10410,10411,10412,10414,10416,10417,10418,10419,10420,10421,10422
842,10423,10425,10426,10427,10428,10429,10430,10434,10436
843,10437,10438,10439,10440,10441,10442,10443,10444,10446,10447,10449,10450,10451,10452
844,10453
845,10454
846,10455,10457,10458
847,10459,10460,10463,10466,10467,10469,10472,10473,10474,10478
848,10482,10485,10486,10487,10488,10499
849,10505,10507,10509,10510,10511,10514,10517,10519,10524,10525,10526,10530,10532,10534,10537,10542,10543,10544,10545,10546,10548,10549,10550,10551,10553,10554,10555,10557,10561
850,10567,10568,10569,10570,10571,10573,10574,10575,10576,10578,10579,10580
851,10581,10582,10583,10584,10586,10588,10590,10591,10592,10593,10594,10595,10596
852,10597
853,10598
854,10599,10600,10601,10602
855,10603,10605,10607,10608,10609,10610,10613,10615,10617,10618,10620,10621,10624
856,10626,10632,10634,10641,10648
857,10649,10651,10652,10653,10654,10656,10657,10658,10662,10663,10664,10665,10666,10668,10669,10671,10672,10674,10676,10677,10681,10682,10684,10685,10686,10688,10689,10690,10691,10692,10693,10696,10697,10699,10700,10702,10704,10706,10707,10708,10709,10710
858,10711,10712,10716,10719,10720,10723
859,10725,10726,10727,10728,10729,10730,10731,10732,10733,10734,10735,10737,10738,10739,10740
860,10741
861,10742
862,10743,10744,10745,10746
863,10747,10748,10749,10753,10757,10759,10764,10766,10767,10768,10769
864,10770,10771,10773,10774,10775,10777,10779,10783,10785,10788,10789,10790,10791,10792
865,10793,10795,10802,10803,10804,10806,10812,10817,10818,10819,10827,10828,10834,10836,10846
866,10855,10856,10858,10859,10860,10863,10865,10866,10868
867,10869,10871
868,10885
869,10886
870,10887,10888,10890
871,10891,10896,10908
872,10914,10922,10924,10926,10931,10936
873,10937,10950,10954,10964,10992,10998
874,10999,11001,11002,11003,11004,11005,11006,11007,11008,11009,11011,11012
875,11013,11016,11025,11026,11027,11028
876,11029
877,11030
878,11031,11032,11033,11034
879,11035,11036,11037,11039,11040,11042,11043,11045,11046,11047,11048,11050,11051,11052,11053,11054,11055,11057
880,11058,11059,11060,11061,11062,11063,11064,11065,11066,11067,11068,11069,11070,11071,11072,11073,11074,11075,11076,11077,11078,11079,11080
881,11081,11085,11086,11088,11091,11096,11098,11102,11121,11125,11136,11138,11142
882,11143,11144,11148,11149,11154,11156
883,11157,11159,11160,11161,11162,11163,11164,11165,11170
884,11173
885,11174
886,11175,11176,11177,11178
887,11179,11180,11181,11182,11183,11184,11185,11188,11189,11191,11192,11193,11194,11195,11196,11197,11198,11199,11200,11201
888,11202,11203,11204,11205,11207,11209,11210,11211,11212,11213,11215,11216,11217,11218,11219,11220,11221,11222,11224
889,11225,11226,11227,11228,11229,11230,11231,11232,11233,11234,11235,11236,11237,11238,11239,11240,11241,11242,11243,11244,11245,11246,11247,11248,11249,11250,11251,11252,11253,11254,11255,11256,11257,11258,11259,11260,11261,11262,11263,11264,11265,11266,11267,11268,11269,11270,11271,11272,11273,11274,11275,11276,11277,11278,11279,11280,11281,11282,11283,11284,11285,11286
890,11287,11289,11294,11295
891,11301,11302,11306,11307,11308,11309,11310,11311,11312
892,11317
893,11318
894,11319,11321
895,11323,11329,11336,11338,11342
896,11346,11348,11349,11350,11351,11352,11353,11355,11356,11357,11358,11360,11361,11362,11363,11364,11366,11367,11368
897,11369,11374,11380,11389,11390,11395,11397,11399,11401,11404,11407,11416,11418,11423
898,11431,11433,11434,11435,11436,11437,11438,11439,11440,11441,11442,11443,11444
899,11445,11446,11447,11448,11449,11450,11451,11452,11453,11454,11455,11456,11457,11458,11459,11460
900,11461
901,11462
902,11463,11466
903,11467,11469,11479,11489
904,11490,11492,11494,11495,11496,11497,11498,11499,11500,11501,11505,11506,11507,11508,11509,11510,11512
905,11513,11515,11516,11517,11518,11519,11520,11521,11522,11523,11524,11525,11526,11527,11528,11529,11530,11531,11532,11533,11534,11536,11537,11539,11540,11541,11542,11543,11545,11546,11547,11548,11549,11550,11551,11552,11553,11554,11557,11558,11559,11560,11561,11562,11563,11564,11565,11566,11567,11568,11569,11570,11572,11573,11574
906,11575,11576,11577,11578,11580,11581,11582,11583,11584,11585,11586,11587,11588
907,11589,11590,11591,11593,11594,11595,11596,11597,11598,11599,11600,11601,11602,11603,11604
908,11605
909,11606
910,11607,11608,11609
911,11611,11614,11619,11620,11621,11623,11627,11631,11633
912,11634,11635,11636,11638,11639,11640,11641,11642,11643,11646,11647,11648,11649,11650,11652,11653,11654,11655,11656
913,11657,11658,11664,11666,11667,11671,11672,11673,11675,11678,11686,11687,11691,11692,11695,11697,11698,11700,11702,11703,11704,11707,11711,11713,11714,11717
914,11719,11720,11721,11722,11724,11726,11727,11728,11729,11730,11731,11732
915,11733,11738,11741,11743,11744,11745,11748
916,11749
917,11750
918,11751,11754
919,11755,11757,11758,11760,11764,11765,11774
920,11778,11779,11780,11781,11782,11787,11788,11790,11793,11794,11796,11800
921,11801,11802,11803,11804,11805,11808,11811,11818,11821,11822,11823,11825,11829,11831,11832,11837,11838,11840,11841,11842,11843,11849,11852,11853,11855,11856,11857,11859,11860,11862
922,11863,11865,11866,11869,11870,11872,11873
923,11877,11878,11882,11884,11886,11887,11889,11891
924,11893
925,11894
926,11895,11896,11897,11898
927,11899,11907,11908,11909,11920
928,11922,11925,11927,11928,11929,11930,11931,11932,11933,11934,11935,11937,11938,11939,11940,11941,11942,11943,11944
929,11945,11948,11949,11950,11952,11953,11954,11955,11957,11958,11959,11965,11966,11968,11969,11970,11971,11972,11973,11974,11975,11976,11978,11979,11980,11981,11982,11983,11984,11985,11986,11987,11988,11989,11990,11992,11993,11995,11996,11997,11998,11999,12000,12001,12002,12003,12005,12006
930,12007,12008,12009,12011,12012,12013,12014,12016,12018,12019,12020
931,12021,12022,12025,12027,12028,12032,12036
932,12037
933,12038
934,12039,12040,12041
935,12043,12046,12049,12051,12052,12053,12055,12057,12058,12062,12064
936,12066,12067,12070,12072,12074,12077,12078
937,12089,12090,12092,12093,12094,12095,12096,12099,12101,12102,12103,12104,12105,12106,12107,12108,12109,12112,12113,12115,12116,12117,12119,12121,12122,12123,12124,12126,12127,12128,12129,12130,12131,12132,12135,12137,12138,12139,12141,12142,12143,12144,12145,12146,12147,12149,12150
938,12151,12152,12153,12154,12155,12156,12157,12158,12160,12162,12163
939,12165,12166,12169,12171,12172,12173,12175,12179
940,12181
941,12182
942,12183,12184,12185,12186
943,12187,12188,12189,12190,12191,12192,12193,12194,12195,12196,12197,12198,12199,12200,12201,12202,12203,12204,12205,12206,12207,12208,12209
944,12210,12215,12227
945,12233,12234,12236,12239,12243,12249,12258,12259,12260,12261,12264,12266,12271,12274,12275,12277,12281,12287,12288,12289,12290,12291,12293
946,12295,12297,12298,12299,12301,12302,12305,12308
947,12309,12310,12312,12313,12314,12316,12317,12318,12322,12324
948,12325
949,12326
950,12327,12328,12330
951,12331,12335,12337,12338,12339,12340,12344,12345,12346,12347,12348,12349,12350,12352,12353
952,12354,12358,12360
953,12377,12381,12382,12383,12391,12392,12401,12403,12408,12409,12415,12418,12423,12425,12427,12433,12437
954,12439,12442,12443,12444,12450,12452
955,12453,12455,12456,12457,12458,12459,12460,12461,12462,12464,12465,12466,12467
956,12469
957,12470
958,12471,12472,12473
959,12475,12476,12477,12478,12479,12481,12482,12483,12484,12486,12487,12488,12490,12492,12494,12496,12497
960,12498,12500,12504,12505,12506,12507,12508,12510,12511,12513,12518,12519
961,12521,12523,12525,12527,12528,12529,12530,12531,12532,12534,12537,12539,12540,12543,12544,12545,12546,12547,12548,12549,12550,12551,12552,12553,12556,12557,12559,12560,12561,12562,12566,12568,12570,12573,12576,12579,12580,12581,12582
962,12583,12584,12585,12587,12588,12592
963,12597,12607
964,12613
965,12614
966,12615,12616
967,12619,12621,12623,12625,12626,12627,12631,12632,12634,12635,12638,12640
968,12642,12643,12647,12648,12649,12651,12652,12657,12658,12660,12661,12663,12664
969,12665,12666,12668,12669,12670,12671,12672,12673,12674,12675,12676,12678,12679,12680,12681,12682,12683,12684,12685,12686,12687,12688,12689,12690,12691,12692,12693,12694,12695,12696,12697,12698,12700,12701,12702,12704,12705,12706,12707,12708,12709,12710,12711,12712,12713,12714,12715,12716,12717,12718,12719,12720,12721,12722,12723,12724,12725
970,12727,12729,12731,12733,12734,12738
971,12741,12744,12745,12747,12748,12749,12751,12752,12754,12755
972,12757
973,12758
974,12759,12760
975,12763,12768,12770,12773,12774,12784,12785
976,12786,12788,12789,12790,12791,12793,12799,12801,12803,12804,12805,12806,12807
977,12809,12810,12811,12812,12813,12814,12815,12816,12817,12818,12819,12820,12821,12822,12823,12824,12825,12826,12827,12830,12831,12832,12833,12835,12837,12839,12840,12841,12842,12843,12845,12846,12848,12849,12850,12851,12852,12853,12855,12858,12859,12860,12861,12862,12864,12865,12866,12867,12868,12870
978,12871,12880
979,12885,12886,12888,12890,12891,12892,12894,12897,12899,12900
980,12901
981,12902
982,12903,12904,12905,12906
983,12907,12910,12914,12917,12918,12919,12921,12922,12923,12924,12926,12927,12928
984,12930,12934,12935,12936,12937,12938,12939,12940,12941,12942,12943,12946,12947,12949,12950,12951
985,12953,12954,12955,12957,12959,12961,12963,12964,12965,12966,12967,12970,12972,12973,12974,12976,12980,12983,12984,12985,12986,12988,12989,12990,12991,12992,12993,12995,12996,12999,13000,13001,13002,13003,13006,13007,13008,13010,13011,13012,13013
986,13015,13016,13017,13018,13019,13020,13021,13022,13023,13024,13025,13026,13027,13028
987,13029,13031,13032,13033,13034,13035,13036,13038,13039,13040,13042,13043,13044
988,13045
989,13046
990,13047,13048,13050
991,13051,13058
992,13074,13075,13078,13079,13082,13083,13084,13085,13088,13089,13090,13091,13092,13095,13096
993,13097,13098,13099,13101,13102,13103,13104,13105,13106,13107,13108,13109,13110,13111,13112,13113,13114,13115,13116,13117,13118,13119,13120,13122,13123,13124,13125,13126,13127,13128,13129,13130,13131,13132,13134,13136,13137,13138,13139,13140,13141,13142,13143,13144,13145,13146,13147,13149,13150,13151,13152,13153,13154,13155,13156,13157,13158
994,13159,13160,13161,13162,13163,13164,13165,13166,13167,13170,13172
995,13173,13174,13176,13177,13178,13179,13180,13181,13182,13183,13184,13185,13186,13187,13188
996,13189
997,13190
998,13191,13194
999,13195,13210,13217
1000,13218,13219,13220,13222,13223,13224,13227,13229,13233,13236,13237,13239
1001,13241,13256,13262,13281,13297
1002,13303,13304,13305,13307,13311
1003,13317,13318,13320,13321,13322,13323,13325,13326,13327,13328,13330,13331,13332
1004,13333
1005,13334
1006,13335,13337
1007,13339,13352,13358
1008,13362,13363
1009,13385,13387,13388,13389,13392,13393,13395,13396,13399,13400,13401,13402,13403,13404,13405,13407,13408,13409,13412,13413,13414,13415,13416,13417,13418,13419,13420,13421,13423,13424,13426,13427,13428,13429,13430,13431,13432,13434,13435,13436,13437,13438,13439,13440,13441,13442,13443,13444,13445,13446
1010,13447,13448,13449,13450,13452,13454,13455,13456,13457,13460
1011,13461,13462,13466,13469
1012,13477
1013,13478
1014,13479,13482
1015,13483,13484,13485,13486,13487,13488,13489,13490,13491,13492,13493,13494,13495,13496,13497,13498,13499,13500,13501,13503,13504,13505
1016,13506,13507,13509,13512,13514,13515,13516,13518,13519,13520,13521,13522,13523,13524,13525,13526,13527,13528
1017,13529,13537,13540,13541,13547,13556,13561,13567,13568,13569,13572,13581,13586,13588
1018,13591,13600,13603
1019,13605,13606
1020,13621
1021,13622
1022,13623,13624
1023,13627,13628,13631,13633,13634,13635,13636,13637,13638,13639,13640,13641,13643,13644,13645,13646,13647,13648,13649
1024,13650,13652,13657,13658,13659,13661,13663,13665,13666,13668,13669,13670,13671
1025,13673,13675,13676,13677,13679,13681,13682,13683,13684,13685,13686,13687,13688,13690,13691,13692,13693,13694,13695,13697,13698,13699,13700,13701,13702,13703,13705,13707,13709,13711,13712,13713,13716,13718,13720,13722,13723,13724,13725,13726,13728,13730,13731,13732,13734
1026,13735,13736,13737,13738,13739,13740,13741,13742,13743,13744,13745,13746,13747,13748
1027,13749,13750,13751,13752,13753,13756,13758,13759,13760,13762,13764
1028,13765
1029,13766
1030,13767,13768,13770
1031,13771,13773,13774,13775,13777,13778,13780,13787,13790
1032,13794,13796,13799,13801,13803,13812,13815
1033,13817,13818,13819,13820,13821,13823,13824,13829,13834,13835,13838,13844,13845,13848,13850,13851,13852,13853,13855,13858,13859,13860,13861,13862,13863,13865,13868,13877,13878
1034,13879,13880,13881,13882,13884,13885,13886,13887,13888,13889,13890,13891,13892
1035,13893,13895,13896,13897,13906,13907
1036,13909
1037,13910
1038,13911,13912,13913,13914
1039,13915,13916,13918,13919,13920,13921,13922,13923,13924,13925,13926,13927,13929,13932,13935,13936,13937
1040,13938,13940,13941,13943,13944,13945,13947,13948,13950,13951,13952,13953,13955,13956,13957,13958
1041,13961,13962,13965,13966,13969,13970,13972,13977,13978,13979,13982,13985,13986,13996,14000,14001,14002,14003,14004,14005,14011,14013,14015,14016
1042,14023,14028,14029,14030,14031,14032,14033,14034,14036
1043,14037,14038,14041,14042,14048,14052
1044,14053
1045,14054
1046,14055,14056,14057,14058
1047,14059,14061,14062,14063,14064,14065,14066,14068,14069,14070,14071,14073,14074,14075,14076,14077,14078,14079,14081
1048,14082,14087,14094,14100
1049,14105,14106,14112,14119,14122,14123,14126,14133,14138,14142,14144,14145,14146,14149,14150,14156,14158,14160,14163,14164
1050,14167,14174,14178,14179
1051,14181,14188
1052,14197
1053,14198
1054,14199,14202
1055,14203,14204,14205,14206,14207,14208,14209,14212,14218,14220,14223
1056,14226,14227,14228,14230,14231,14234,14237,14238,14239,14240,14241,14244,14247,14248
1057,14249,14250,14251,14255,14256,14260,14265,14267,14270,14274,14275,14277,14279,14280,14281,14282,14283,14284,14285,14287,14288,14289,14290,14292,14294,14297,14299,14300,14301,14302,14303,14304,14305,14306,14309,14310
1058,14311,14312,14320,14321,14322
1059,14325,14327,14328,14329,14330,14331,14332,14333,14335,14336,14337,14338,14340
1060,14341
1061,14342
1062,14343,14345,14346
1063,14347,14348,14350,14351,14352,14353,14356,14357,14359,14360,14362,14363,14365,14368
1064,14370,14371,14375,14376,14384,14391
1065,14393,14396,14397,14398,14401,14405,14408,14413,14414,14418,14419,14420,14424,14426,14427,14431,14433,14436,14437,14440,14445,14446,14447,14449,14450,14453,14454
1066,14455,14456,14457,14458,14459,14460,14461,14462,14463,14464,14465,14466,14468
1067,14469,14470,14471,14473,14474,14475,14476,14477,14478,14480,14481,14484
1068,14485
1069,14486
1070,14487,14490
1071,14491,14492,14493,14494,14495,14496,14497,14498,14499,14500,14501,14502,14503,14504,14505,14506,14507,14508,14509,14510,14511,14512,14513
1072,14514,14518,14525,14530,14534
1073,14537,14543,14544,14545,14546,14548,14549,14551,14552,14553,14555,14557,14560,14561,14563,14564,14565,14567,14568,14570,14571,14572,14574,14575,14577,14580,14581,14582,14585,14586,14587,14591,14595,14596,14597
1074,14599,14601,14603,14604,14605,14607,14609,14610,14612
1075,14613,14623,14625,14628
1076,14629
1077,14630
1078,14631,14632,14634
1079,14635,14636,14637,14638,14639,14640,14641,14642,14643,14644,14645,14646,14647,14648,14650,14651,14652,14653,14654,14655,14656,14657
1080,14658,14668,14671,14672,14673
1081,14681,14682,14683,14684,14685,14686,14687,14689,14691,14692,14693,14694,14695,14696,14698,14699,14700,14701,14702,14704,14705,14706,14707,14708,14709,14710,14713,14714,14715,14716,14718,14720,14721,14722,14723,14724,14725,14726,14727,14728,14729,14730,14731,14732,14735,14736,14737,14738,14739,14741,14742
1082,14743,14745,14746,14749,14750,14751,14753,14754,14755,14756
1083,14757,14758,14760,14761,14762,14763,14764,14765,14766,14767,14769,14770,14771
1084,14773
1085,14774
1086,14775,14776,14777,14778
1087,14779,14780,14781,14783,14785,14787,14790,14792,14794,14799,14801
1088,14802,14803,14804,14805,14808,14809,14810,14811,14812,14813,14814,14815,14817,14818,14819,14820,14821,14823,14824
1089,14825,14834,14852,14857,14875
1090,14887,14889,14890,14892,14894,14896
1091,14901,14902,14903,14904,14905,14906,14907,14908,14909,14911,14912,14913,14914,14915
1092,14917
1093,14918
1094,14919,14920
1095,14923,14924,14925,14926,14927,14928,14929,14930,14932,14933,14934,14935,14936,14938,14939,14941,14942,14943,14944,14945
1096,14946,14947,14948,14949,14951,14952,14953,14955,14958,14962,14963,14964,14965,14966,14967
1097,14969,14970,14971,14973,14975,14976,14977,14978,14979,14980,14981,14982,14983,14984,14985,14986,14987,14988,14989,14990,14991,14993,14994,14995,14996,14997,14998,14999,15000,15002,15003,15004,15006,15007,15008,15009,15011,15012,15015,15016,15017,15018,15019,15021,15022,15026,15027,15029,15030
1098,15031,15032,15033,15034,15036,15037,15038,15039,15040,15041,15042,15043,15044
1099,15045,15047,15051,15058,15060
1100,15061
1101,15062
1102,15063,15064
1103,15067,15068,15069,15071,15072,15073,15074,15075,15076,15079,15080,15083,15085,15087,15089
1104,15090,15091,15092,15094,15095,15098,15099,15100,15101,15102,15103,15105,15106,15107,15109,15110,15112
1105,15113,15123,15129,15130,15136,15138,15139,15145,15153,15157,15164,15168,15169,15171,15172,15173
1106,15175,15176,15181,15186
1107,15189,15191,15195,15197,15199
1108,15205
1109,15206
1110,15207,15210
1111,15211,15217,15221,15222,15227,15228
1112,15234,15235,15236,15238,15239,15240,15241,15242,15244,15245,15246,15247,15248,15249,15250,15251,15255,15256
1113,15257,15258,15259,15261,15262,15263,15264,15265,15266,15267,15268,15269,15270,15271,15272,15274,15276,15277,15278,15279,15280,15281,15282,15283,15284,15285,15286,15291,15292,15293,15296,15297,15298,15299,15301,15302,15304,15305,15306,15307,15309,15310,15311,15312,15314,15315,15316,15317
1114,15319,15321,15322,15323,15326,15327,15328,15329,15330
1115,15333,15334,15336,15343,15347
1116,15349
1117,15350
1118,15351,15354
1119,15355,15361,15362,15363,15365,15369,15372,15374,15375,15376,15377
1120,15378,15382,15387,15391,15398,15399
1121,15401,15428
1122,15463,15465,15466,15467,15468,15469,15470,15471,15472,15473,15474,15475,15476
1123,15477,15478,15479,15481,15482,15483,15484,15485,15486,15487,15488,15489,15490,15491,15492
1124,15493
1125,15494
1126,15495
1127,15499,15500,15501,15504,15507,15514,15517,15519,15520
1128,15522,15523,15524,15525,15526,15527,15528,15529,15530,15531,15532,15533,15534,15535,15536,15537,15538,15539,15541,15542,15543,15544
1129,15545,15547,15548,15549,15550,15551,15552,15553,15554,15555,15556,15557,15558,15559,15560,15561,15562,15563,15564,15565,15566,15567,15568,15570,15571,15572,15573,15575,15577,15578,15579,15580,15581,15582,15583,15584,15585,15587,15588,15589,15590,15591,15593,15594,15595,15596,15597,15598,15599,15601,15602,15603,15604,15605,15606
1130,15607,15610,15617,15619
1131,15621,15622,15623,15624,15625,15626,15627,15628,15629,15630,15631,15632,15633,15634,15635,15636
1132,15637
1133,15638
1134,15639,15641,15642
1135,15643,15655,15665
1136,15666,15667,15668,15669,15671,15673,15674,15675,15676,15677,15678,15679,15680,15681,15682,15683,15684,15685,15687
1137,15689,15690,15691,15692,15694,15697,15699,15701,15703,15704,15705,15706,15707,15709,15710,15711,15713,15714,15717,15719,15720,15721,15722,15723,15724,15725,15726,15730,15732,15733,15738,15739,15740,15742,15743,15744,15745,15749,15750
1138,15751,15752,15753,15754,15755,15756,15757,15758,15759,15760,15761,15762,15763,15764
1139,15765,15767,15768,15769,15770,15773,15774,15776,15779,15780
1140,15781
1141,15782
1142,15783,15784
1143,15787,15788,15789,15790,15791,15792,15795,15796,15797,15798,15800,15801,15802,15803,15804,15805,15806,15808,15809
1144,15810,15822,15823,15832
1145,15833,15834,15836,15837,15839,15840,15841,15842,15843,15845,15846,15847,15848,15849,15850,15851,15852,15853,15854,15856,15857,15858,15860,15861,15862,15863,15864,15865,15867,15868,15869,15870,15871,15872,15874,15875,15876,15878,15880,15881,15883,15884,15885,15886,15888,15889,15890,15891,15894
1146,15895,15896,15897,15899,15900,15901,15902,15904,15905,15906,15908
1147,15909,15912,15916,15917,15919,15920,15921,15922,15923,15924
1148,15925
1149,15926
1150,15927
1151,15931,15932,15933,15934,15935,15936,15937,15938,15939,15940,15941,15942,15943,15944,15945,15946,15947,15948,15949,15950,15951,15952,15953
1152,15954,15956,15957,15958,15960,15961,15963,15964,15971,15972,15974,15975,15976
1153,15977,15978,15990,15991,15997,15998,15999,16001,16004,16006,16009,16012,16013,16019,16022,16025,16026,16037
1154,16039,16040,16046,16047,16048,16049,16050,16051,16052
1155,16053,16054,16055,16056,16057,16058,16059,16060,16061,16062,16063,16064,16065,16066,16067,16068
1156,16069
1157,16070
1158,16071,16072
1159,16075,16076,16077,16078,16079,16080,16082,16085,16088,16089,16090,16091,16092,16093,16096,16097
1160,16098,16104,16110,16113,16114,16115
1161,16121,16122,16123,16124,16125,16126,16127,16128,16129,16130,16131,16132,16133,16134,16135,16136,16137,16138,16139,16140,16141,16142,16143,16144,16145,16146,16147,16148,16149,16150,16151,16152,16153,16154,16155,16156,16157,16158,16159,16160,16161,16162,16163,16164,16165,16166,16167,16168,16169,16170,16171,16172,16173,16174,16175,16176,16177,16178,16179,16180,16181,16182
1162,16183,16184,16186,16187,16188,16193,16194,16196
1163,16197,16203,16205,16210,16212
1164,16213
1165,16214
1166,16215,16216
1167,16219,16230,16232,16236,16237,16241
1168,16242,16252,16253,16256
1169,16265,16268,16276,16277,16278,16282,16283,16285,16286,16287,16288,16294,16308,16316,16319,16323,16326
1170,16327,16329,16330,16332,16337,16338,16339
1171,16341,16343,16349,16350,16352,16354,16355
1172,16357
1173,16358
1174,16359,16360,16361,16362
1175,16363,16364,16366,16367,16370,16372,16375,16377,16379,16380,16381,16384,16385
1176,16386,16387,16388,16393,16394,16395,16396,16398,16399,16402,16404,16405,16407,16408
1177,16409,16410,16412,16420,16421,16422,16425,16428,16429,16432,16433,16434,16436,16438,16439,16441,16444,16446,16448,16455,16456,16460,16462,16463,16465,16469,16470
1178,16471,16472,16473,16476,16477,16478,16479,16480,16481,16482,16483,16484
1179,16485,16486,16487,16489,16490,16491,16492,16493,16494,16495,16496,16497,16499,16500
1180,16501
1181,16502
1182,16503,16504,16505,16506
1183,16507,16521,16523,16526
1184,16530,16532,16534,16535,16538,16541,16542,16544,16545,16546,16547,16548,16552
1185,16553,16557,16560,16561,16567,16570,16572,16574,16577,16582,16583,16584,16586,16590,16591,16593,16594,16595,16597,16606,16607,16613
1186,16615,16616,16618,16619,16621,16622,16623,16624,16626,16627
1187,16629,16635,16637,16638,16639,16641
1188,16645
1189,16646
1190,16647,16649
1191,16651,16652,16653,16654,16656,16657,16658,16661,16662,16663,16665,16666,16669,16670,16672,16673
1192,16674,16675,16683,16693,16696
1193,16697,16698,16699,16701,16702,16703,16708,16709,16711,16712,16713,16714,16717,16718,16720,16721,16722,16723,16725,16726,16727,16729,16730,16733,16736,16737,16738,16740,16741,16742,16744,16745,16748,16749,16750,16751,16753,16754,16755,16756,16757,16758
1194,16759,16760,16761,16762,16764,16765,16766,16767,16768,16771,16772
1195,16773,16781
1196,16789
1197,16790
1198,16791,16793
1199,16795,16796,16797,16799,16800,16801,16802,16803,16805,16807,16809,16810,16811,16813,16814,16816
1200,16818,16819,16820,16821,16822,16824,16825,16826,16827,16828,16829,16830,16831,16832,16834,16835,16836,16837,16839,16840
1201,16841,16842,16843,16844,16845,16846,16847,16848,16849,16851,16852,16853,16854,16855,16856,16857,16859,16860,16861,16862,16863,16864,16865,16866,16867,16868,16869,16870,16871,16872,16873,16874,16875,16876,16877,16878,16880,16883,16884,16885,16886,16887,16888,16890,16891,16892,16893,16894,16895,16896,16898,16900,16901,16902
1202,16903,16905,16909,16913
1203,16917,16919,16923,16925,16926,16927,16928,16929,16931,16932
1204,16933
1205,16934
1206,16935,16937,16938
1207,16939,16940
1208,16962,16964,16965,16966,16967,16968,16969,16970,16971,16973,16974,16975,16976,16977,16978,16979,16980,16981,16982,16983,16984
1209,16985,16986,16987,16989,16990,16991,16992,16994,16995,16996,16997,16998,16999,17000,17001,17002,17003,17004,17005,17006,17007,17008,17009,17010,17011,17012,17013,17014,17015,17016,17018,17019,17020,17021,17022,17023,17024,17025,17026,17027,17028,17029,17030,17031,17032,17034,17035,17037,17038,17040,17041,17043,17044,17045,17046
1210,17047,17049,17050,17051,17053,17054,17055,17056,17057,17058,17060
1211,17061,17064,17066,17068,17072,17074
1212,17077
1213,17078
1214,17079,17080,17081,17082
1215,17083,17084,17085,17086,17087,17088,17089,17091,17092,17094,17095,17096,17097,17098,17099,17100,17101,17103,17105
1216,17106,17113
1217,17129,17152,17153,17175,17188
1218,17191,17202
1219,17205,17206,17207,17208,17209,17210,17211,17214,17215,17217,17218,17219,17220
1220,17221
1221,17222
1222,17223,17226
1223,17227,17228
1224,17250,17252,17256,17260,17261,17262,17265,17266,17269
1225,17273,17280,17281,17283,17284,17291,17292,17293,17294,17295,17297,17299,17303,17305,17309,17310,17313,17314,17316,17317,17320,17323,17325,17330,17331,17332,17334
1226,17335,17338,17339,17341,17342,17343,17344,17345,17346,17347,17348
1227,17349,17350,17351,17354,17355,17357,17359,17361,17363
1228,17365
1229,17366
1230,17367,17369,17370
1231,17371,17376,17388,17390
1232,17394,17395,17397,17401,17403,17405,17407,17409,17410,17413,17414,17416
1233,17417,17423,17424,17426,17427,17432,17433,17434,17445,17447,17449,17451,17457,17466,17467,17471,17477
1234,17479,17481,17482,17483,17484,17485,17486,17489,17491,17492
1235,17493,17498,17501,17502,17505,17507
1236,17509
1237,17510
1238,17511,17513
1239,17515,17517,17529,17534
1240,17538,17541,17542,17543,17544,17545,17547,17548,17559
1241,17561,17563,17564,17565,17570,17573,17575,17576,17579,17581,17582,17584,17587,17588,17591,17592,17594,17596,17598,17599,17600,17602,17603,17604,17607,17608,17612,17614,17617,17618
1242,17623,17625,17626,17627,17628,17629,17630,17631,17633,17634,17635,17636
1243,17637,17645
1244,17653
1245,17654
1246,17655,17656,17657,17658
1247,17659,17660,17661,17662,17663,17664,17665,17666,17667,17668,17669,17670,17671,17672,17673,17674,17675,17676,17677,17678,17679,17680,17681
1248,17682,17683,17684,17686,17687,17688,17689,17690,17692,17693,17694,17695,17696,17697,17698,17699,17700,17702,17703
1249,17705,17706,17707,17708,17709,17710,17711,17712,17713,17714,17715,17716,17717,17718,17719,17720,17721,17722,17723,17724,17725,17726,17727,17728,17729,17730,17731,17732,17733,17734,17735,17736,17737,17738,17739,17740,17741,17742,17743,17744,17745,17746,17747,17748,17749,17750,17751,17752,17753,17754,17755,17756,17757,17758,17759,17760,17761,17762,17763,17764,17765,17766
1250,17767,17770,17771,17772,17773,17774,17776,17777,17778,17779,17780
1251,17781,17782,17783,17784,17785,17786,17787,17788,17789,17790,17791,17792,17793,17794,17795,17796
1252,17797
1253,17798
1254,17799,17800,17802
1255,17803,17805,17806,17807,17814,17815,17819,17820,17821,17822,17823,17824,17825
1256,17826,17827,17828,17829,17830,17831,17832,17833,17834,17835,17838,17840,17843,17847,17848
1257,17849,17855,17860,17868,17869,17872,17877,17878,17882,17884,17891,17898,17906,17908
1258,17911,17913,17914,17915,17916,17917,17921,17922,17923,17924
1259,17925,17926,17927,17928,17929,17930,17931,17932,17934,17935,17939,17940
1260,17941
1261,17942
1262,17943,17944,17945,17946
1263,17947,17949,17955,17960,17961,17965,17967,17968
1264,17970,17979,17985,17986,17988
1265,17993,17994,17995,17996,17997,17998,18000,18001,18003,18005,18006,18008,18009,18011,18012,18013,18014,18016,18017,18018,18019,18020,18021,18022,18023,18024,18025,18026,18027,18028,18029,18030,18031,18032,18033,18035,18036,18037,18038,18039,18040,18041,18043,18045,18046,18047,18048,18049,18050,18051,18052,18053,18054
1266,18055,18056,18057,18058,18062,18063,18065
1267,18069,18073,18075
1268,18085
1269,18086
1270,18087,18088
1271,18091,18102,18110
1272,18114,18120
1273,18137,18144,18165,18180,18196
1274,18199,18200,18201,18202,18203,18204,18205,18206,18207,18208,18209,18210,18211,18212
1275,18213,18215,18216,18217,18220,18221,18222,18223,18225,18226,18228
