256,1
257,2
258,3,6
259,7
260,8
261,9
262,10,11
263,14,18,19,20,22,23
264,24,26,29,31,32,33
265,34,39,44,51,65,66
266,71,73,74
267,75,76,78,79,81,82,83
268,85
269,86
270,87,88,89
271,91,92,93,94,95,98,99,101,104,106,107,108,110,111,113
272,114,117,118,120,122,125,126,131,136
273,137,142,156,159,160,163,164,171,182,188,196,198
274,199,200,201,202,203,208
275,213,217,223,225
276,229
277,230
278,231,232,233,234
279,235,236,252
280,258,259,262,263,264,265,268,269,271,273,275,276,277
281,281,282,283,284,285,286,287,289,290,291,292,294,295,296,297,298,299,300,301,302,303,304,305,306,307,308,309,310,311,312,314,315,316,317,318,319,320,321,322,323,324,325,326,327,328,329,330,331,332,333,334,335,336,337,338,339,340,341,342
282,343,345,348,350,352,354
283,357,361,362,364,366,368,370,371
284,373
285,374
286,375,376,378
287,379,394,395
288,402,407,411,413,416,417,419,420,422,424
289,425,426,429,436,443,444,445,446,451,453,456,459,463,473,478,479,480,481,482
290,487,488,489,490,491,492,497,499
291,501,502,503,505,506,509,510,516
292,517
293,518
294,519,521,522
295,523,524,525,527,529,530,531,533,534,535,536,537,538,539,540,542,544,545
296,546,553,555,560,562,567
297,569,577,578,580,581,583,584,585,588,591,592,597,598,600,601,605,606,607,609,612,619,620,622,623,625,626,627,628
298,631,633,634,635,637,638,639,641,643
299,645,646,647,648,649,650,651,652,653,654,655,656,657,658,659
300,661
301,662
302,663,664,665
303,667,668,670,672,673,674,675,676,678,679,680,681,683,684,685,687,688,689
304,690,691,692,693,694,695,696,697,698,699,700,701,702,703,704,706,709,711,712
305,713,716,717,718,719,721,722,723,724,726,727,729,730,731,733,736,738,740,741,742,745,747,748,749,751,752,754,755,756,758,759,761,762,767,769,770,771,772,774
306,775,777
307,789,793,794,803
308,805
309,806
310,807,808,809
311,811,812,813,814,815,816,817,818,819,820,821,823,824,825,826,828,829,831,832
312,834,836,838,839,841,843,844,847,848,850
313,857,860,864,893,900,902,904,905,907,909,910
314,919,920,921,922,923,924,925,926,927,928,929,930,931
315,933,934,936,938,942,945
316,949
317,950
318,951,953,954
319,955,956,957,959,960,962,965,967,969,971,974
320,978,986,989
321,1001,1002,1003,1005,1006,1007,1008,1009,1010,1011,1013,1014,1016,1020,1023,1024,1025,1030,1031,1033,1034,1037,1038,1045,1046,1049,1053,1056,1059,1060
322,1063,1064,1065,1066,1067,1068,1069,1070,1071,1072,1073,1074,1075,1076
323,1077,1079,1086,1088,1090
324,1093
325,1094
326,1095
327,1099,1100,1101,1102,1103,1104,1105,1106,1107,1109,1110,1111,1112,1113,1114,1115,1116,1121
328,1122,1124,1127,1129,1132,1133,1137,1138,1139,1140,1141,1142
329,1145,1150,1152,1154,1155,1158,1159,1160,1161,1163,1164,1167,1168,1171,1172,1173,1176,1177,1179,1180,1184,1185,1188,1194,1195,1196,1197,1199,1201,1205
330,1207,1208,1210,1212,1215,1216,1217,1218,1219,1220
331,1221,1223,1227,1231,1232,1233,1235
332,1237
333,1238
334,1239,1240,1241,1242
335,1243,1244,1245,1246,1247,1248,1249,1252,1253,1254,1257,1259,1260,1262,1263,1264,1265
336,1266,1267,1268,1269,1271,1272,1273,1274,1275,1277,1278,1279,1280,1281,1282,1285,1286,1287,1288
337,1289,1292,1293,1294,1295,1296,1297,1298,1299,1300,1301,1303,1304,1305,1308,1309,1310,1311,1312,1313,1314,1315,1317,1318,1319,1321,1322,1323,1325,1326,1327,1330,1331,1332,1333,1334,1335,1336,1337,1338,1340,1341,1342,1343,1344,1345,1346,1348,1349,1350
338,1351,1353,1354,1355,1356,1362,1363,1364
339,1365,1366,1374
340,1381
341,1382
342,1383,1384,1385
343,1387,1388,1389,1390,1392,1394,1396,1397,1398,1399,1401,1403,1404,1408,1409
344,1410,1411,1412,1414,1415,1417,1418,1419,1420,1422,1423,1424,1425,1426,1427,1428,1429,1430
345,1433,1438,1440,1446,1447,1457,1471,1472,1477,1478,1480,1484,1489
346,1495,1497,1499,1500,1501,1502,1507
347,1509,1510,1511,1512,1513,1519,1521,1522
348,1525
349,1526
350,1527
351,1531,1532,1533,1534,1535,1536,1537,1540,1541,1542,1543,1546,1547,1548,1549,1551,1553
352,1554,1557,1558,1559,1560,1561,1562,1563,1564,1565,1566,1567,1568,1569,1570,1572,1575,1576
353,1577,1578,1579,1580,1581,1582,1583,1584,1585,1586,1587,1588,1589,1590,1593,1594,1595,1597,1598,1600,1601,1602,1603,1604,1610,1611,1612,1613,1614,1616,1617,1618,1620,1622,1623,1624,1625,1626,1627,1628,1629,1630,1632,1633,1634,1635,1637,1638
354,1639,1646,1648,1649,1652
355,1653,1655,1656,1659,1660,1661,1662,1663,1664,1667,1668
356,1669
357,1670
358,1671,1673,1674
359,1675,1676,1677,1678,1680,1681,1682,1683,1684,1685,1687,1688,1689,1690,1691,1692,1693,1694,1695,1696,1697
360,1698,1705
361,1721,1735,1743,1747,1750,1756,1757,1770,1773,1779
362,1783,1784,1785,1786,1787,1788,1789,1790,1792,1793,1794,1795,1796
363,1797,1811
364,1813
365,1814
366,1815,1816
367,1819,1820,1822,1823,1824,1826,1827,1828,1829,1830,1831,1832,1833,1834,1835,1836,1837,1839,1840,1841
368,1842,1843,1844,1845,1846,1847,1848,1849,1850,1851,1852,1853,1854,1855,1856,1857,1858,1859,1860,1861,1862,1863,1864
369,1865,1872,1874,1878,1881,1885,1888,1898,1901,1902,1904,1905,1911,1914,1917,1919,1921,1923,1926
370,1927,1930,1931,1932,1933,1934,1935,1936,1937,1939,1940
371,1941,1945,1952,1953,1954,1956
372,1957
373,1958
374,1959,1960,1961,1962
375,1963,1966,1969,1971,1972,1973,1974,1975,1976,1977,1979,1981,1983,1985
376,1986,1987,1988,1989,1990,1991,1992,1993,1994,1995,1996,1997,1998,1999,2000,2001,2002,2003,2004,2005,2006,2007
377,2009,2010,2011,2013,2015,2016,2017,2018,2020,2021,2022,2023,2024,2025,2026,2027,2028,2029,2030,2031,2033,2034,2036,2038,2039,2040,2042,2043,2044,2045,2046,2047,2048,2049,2051,2053,2054,2055,2056,2058,2059,2062,2063,2064,2065,2066,2067,2068,2069,2070
378,2071,2073,2074,2076,2077,2078,2079,2080
379,2085,2086,2087,2088,2089,2090,2091,2092,2093,2095,2096,2097,2098,2099,2100
380,2101
381,2102
382,2103,2106
383,2107,2108,2113,2114,2115,2116,2117,2118,2119,2121,2123,2125,2126,2127,2128,2129
384,2130,2131,2133,2134,2135,2136,2137,2138,2141,2142,2148,2149,2150
385,2153,2155,2156,2157,2158,2159,2160,2161,2162,2163,2164,2165,2166,2167,2168,2169,2170,2171,2172,2173,2174,2175,2176,2177,2178,2179,2180,2181,2182,2183,2184,2185,2186,2187,2188,2189,2190,2191,2192,2193,2194,2195,2196,2197,2198,2199,2200,2201,2202,2203,2204,2205,2206,2207,2208,2209,2210,2211,2212,2213,2214
386,2215,2218,2220,2222,2226,2228
387,2229,2234
388,2245
389,2246
390,2247,2248,2249,2250
391,2251,2253,2256,2257,2258,2259,2265,2266,2268,2269,2270,2273
392,2274,2275,2276,2277,2278,2279,2280,2283,2284,2285,2286,2289,2290,2292,2293,2294
393,2297,2299,2302,2303,2304,2305,2307,2308,2310,2315,2319,2320,2321,2322,2330,2331,2332,2337,2341,2342,2344,2345,2347,2349,2351,2355,2357,2358
394,2359,2364,2365,2366,2367,2368,2370
395,2373,2378,2379,2380,2382,2383,2384,2386,2388
396,2389
397,2390
398,2391,2392,2394
399,2395,2398,2403,2411,2415
400,2418,2419,2423,2429,2430,2434,2435,2436,2437,2438
401,2441,2478,2484,2485
402,2503,2504,2505,2506,2508,2509,2510,2511,2513
403,2517,2527,2528,2529
404,2533
405,2534
406,2535,2536,2537,2538
407,2539,2540,2542,2543,2544,2545,2547,2548,2549,2550,2551,2552,2553,2554,2557,2558,2559,2560
408,2562,2563,2575,2576,2578,2581
409,2585,2588,2591,2601,2604,2606,2609,2610,2611,2615,2617,2618,2621,2624,2625,2628,2634,2635,2636,2640,2643,2646
410,2647,2648,2649,2650,2651,2652,2654,2655,2656,2657,2658,2659,2660
411,2661,2663,2664,2666,2667,2668,2671,2673,2675,2676
412,2677
413,2678
414,2679
415,2683,2684,2686,2687,2688,2691,2693,2696,2697,2698,2702,2705
416,2706,2713
417,2729,2750,2751,2758,2764,2768,2775
418,2791,2793,2794,2799,2800,2801,2803,2804
419,2805,2806,2807,2810,2816,2818
420,2821
421,2822
422,2823,2824,2826
423,2827,2830,2832,2833,2834,2837,2839,2840,2841,2842,2843,2844,2845
424,2850,2852,2853,2854,2857,2859,2861,2862,2863,2865,2871
425,2873,2874,2876,2877,2878,2879,2880,2881,2882,2883,2884,2885,2886,2887,2888,2889,2890,2891,2892,2893,2894,2895,2896,2897,2898,2900,2901,2902,2903,2904,2905,2906,2907,2908,2909,2910,2911,2912,2913,2914,2915,2916,2918,2919,2920,2921,2922,2923,2924,2925,2926,2927,2928,2929,2930,2932,2933,2934
426,2935,2937,2939,2940,2941,2942,2943,2945,2946,2947,2948
427,2949,2952,2953,2956,2960,2961,2964
428,2965
429,2966
430,2967,2968,2969,2970
431,2971,2972,2973,2974,2975,2976,2978,2979,2980,2983,2984,2985,2986,2987,2988,2990,2991,2992,2993
432,2994,2995,2996,2997,2998,2999,3000,3002,3003,3004,3005,3006,3007,3008,3009,3010,3011,3012,3013,3014,3015,3016
433,3017,3019,3021,3022,3024,3027,3028,3029,3034,3035,3036,3038,3039,3041,3042,3043,3045,3046,3049,3050,3053,3055,3056,3057,3063,3065,3067,3069,3070,3071,3073,3074,3075,3076,3077
434,3079,3081,3087,3092
435,3093,3094,3096,3098,3104
436,3109
437,3110
438,3111,3113
439,3115,3117,3118,3119,3120,3121,3122,3123,3124,3125,3126,3127,3128,3130,3131,3132,3134,3135,3136,3137
440,3138,3145,3150,3154,3159
441,3161,3169,3171,3183,3185,3208,3210,3211,3218
442,3223,3230,3231,3236
443,3237,3239,3240
444,3253
445,3254
446,3255,3256
447,3259,3260,3262,3263,3268,3274,3275,3277,3278,3280
448,3282,3284,3286,3288,3289,3291,3292,3293,3296,3297,3299,3302,3303,3304
449,3305,3308,3309,3313,3315,3316,3318,3319,3321,3324,3325,3329,3330,3331,3333,3337,3339,3340,3341,3342,3347,3348,3349,3351,3352,3357,3359,3360,3363,3364
450,3367,3368,3369,3370,3371,3372,3373,3374,3375,3377,3378,3379,3380
451,3381,3384,3393
452,3397
453,3398
454,3399,3402
455,3403,3404,3405,3407,3408,3409,3410,3411,3412,3413,3415,3416,3418,3419,3420,3421,3422,3424,3425
456,3426,3434,3436,3445
457,3449,3457,3468,3474,3479,3495,3496,3510
458,3511,3512,3518,3520,3521,3523,3524
459,3525,3526,3529,3530,3531,3532,3537,3539,3540
460,3541
461,3542
462,3543,3546
463,3547,3548,3549,3551,3552,3553,3554,3556,3557,3561,3563,3564,3566,3568,3569
464,3570,3571,3572,3573,3574,3575,3576,3577,3578,3579,3580,3581,3582,3583,3584,3585,3586,3587,3588,3589,3590,3591,3592
465,3593,3594,3596,3603,3604,3605,3607,3608,3610,3612,3613,3614,3616,3617,3618,3621,3622,3626,3627,3630,3631,3635,3637,3638,3641,3646,3647,3648
466,3655,3656,3657,3658,3659,3660,3661,3662,3664,3665,3667,3668
467,3669,3670,3671,3672,3673,3674,3675,3676,3677,3678,3679,3680,3681,3682,3683,3684
468,3685
469,3686
470,3687,3688,3689,3690
471,3691,3692,3693,3694,3695,3696,3697,3698,3699,3700,3702,3703,3704,3705,3706,3707,3708,3709,3711,3713
472,3714,3715,3716,3717,3718,3719,3720,3721,3723,3727,3728,3730,3733
473,3737,3738,3739,3740,3742,3743,3745,3746,3747,3748,3749,3750,3752,3753,3755,3756,3759,3762,3763,3764,3765,3766,3767,3769,3770,3771,3772,3774,3775,3777,3778,3779,3780,3781,3783,3784,3785,3787,3788,3789,3791,3792,3793,3795,3796,3797,3798
474,3799,3800,3801,3802,3803,3804,3805,3806,3807,3808,3809,3810,3811,3812
475,3813,3814,3815,3816,3817,3818,3819,3820,3821,3822,3824,3825,3826,3827,3828
476,3829
477,3830
478,3831,3832
479,3835,3836,3837,3840,3842,3846,3848,3850,3852,3854,3857
480,3858,3860,3878
481,3881,3883,3884,3885,3886,3888,3890,3894,3895,3900,3901,3903,3908,3910,3915,3916,3917,3921,3926,3927,3928,3931,3932,3935,3937,3938,3940,3942
482,3943,3945,3946,3948,3950,3954,3955,3956
483,3957,3959,3960,3962,3963,3966,3967,3968,3970,3972
484,3973
485,3974
486,3975,3977,3978
487,3979,3980,3981,3982,3983,3984,3985,3986,3987,3988,3989,3990,3992,3994,3995,3997,3998,3999,4000
488,4002,4003,4004,4005,4006,4007,4008,4009,4010,4011,4012,4013,4014,4015,4016,4017,4018,4019,4020,4021,4022,4023,4024
489,4025,4028,4029,4033,4034,4035,4036,4037,4038,4039,4043,4044,4045,4046,4047,4049,4052,4053,4056,4057,4059,4060,4061,4062,4063,4064,4066,4067,4068,4073,4074,4077,4078,4079,4080,4082,4084
490,4087,4088,4089,4094,4095
491,4101,4102,4103,4105,4110,4111,4114
492,4117
493,4118
494,4119,4120,4122
495,4123,4124,4125,4126,4127,4128,4129,4130,4131,4133,4134,4135,4136,4137,4139,4140,4141,4142,4143,4144,4145
496,4146,4147,4148,4150,4151,4152,4153,4155,4156,4157,4158,4159,4160,4161,4162,4163,4164,4165,4166,4168
497,4169,4176,4177,4181,4183,4184,4188,4190,4191,4192,4195,4199,4201,4206,4208,4209,4212,4220,4227,4229
498,4231,4232,4241,4242,4243,4244
499,4245,4246,4247,4249,4250,4251,4252,4253,4255,4256,4257,4258,4260
500,4261
501,4262
502,4263,4264,4265
503,4267,4276,4277,4278,4279,4280,4282,4289
504,4290,4291,4292,4293,4294,4297,4298,4299,4300,4301,4302,4303,4304,4305,4307,4308,4309,4310,4311,4312
505,4313,4314,4315,4323,4324,4329,4331,4332,4333,4334,4335,4336,4345,4346,4349,4352,4353,4355,4356,4357,4358,4359,4360,4362,4363,4364,4365,4366,4367,4369,4370,4374
506,4375,4376,4380,4382
507,4389,4390,4391,4392,4393,4394,4395,4396,4397,4398,4399,4400,4401,4402,4403,4404
508,4405
509,4406
510,4407,4409
511,4411,4412,4414,4415,4416,4417,4418,4419,4420,4421,4422,4423,4425,4426,4427,4428,4429,4430,4431,4432,4433
512,4434,4436,4440,4444,4453,4456
513,4457,4476
514,4519,4527,4528,4529,4531
515,4533,4534,4536,4537,4538,4539,4540,4543,4545,4546,4547,4548
516,4549
517,4550
518,4551,4552,4553,4554
519,4555,4558,4564,4568
520,4578,4579,4582,4583,4584,4586,4590,4591,4592,4594,4595,4599,4600
521,4601,4615,4624,4626,4635,4644,4649,4653,4654
522,4663,4665,4666,4667,4668,4669,4673
523,4677,4679,4680
524,4693
525,4694
526,4695,4697
527,4699,4700,4701,4702,4703,4705,4706,4707,4709,4710,4711,4712,4713,4714,4715,4716,4718,4719,4721
528,4722,4724,4725,4728,4729,4730,4731,4732,4733,4735,4736,4737,4738,4739,4740,4741,4742,4743,4744
529,4745,4746,4747,4748,4749,4750,4751,4752,4753,4754,4755,4756,4757,4758,4760,4761,4762,4763,4764,4765,4766,4767,4769,4770,4771,4772,4774,4776,4777,4778,4780,4781,4782,4783,4784,4785,4786,4787,4788,4792,4793,4794,4795,4796,4797,4798,4799,4800,4801,4802,4803,4804,4805
530,4807,4808,4809,4810,4813,4814,4815,4816,4819,4820
531,4821,4824,4825,4828,4833,4835
532,4837
533,4838
534,4839,4840,4841,4842
535,4843,4846,4853,4854,4858,4860,4861,4865
536,4866,4868,4870,4879
537,4889,4905,4920,4935,4944
538,4951,4953
539,4965,4968,4970,4977,4980
540,4981
541,4982
542,4983,4985,4986
543,4987,4989,4991,4997,4999,5000,5001,5002,5005
544,5010,5011,5015,5018,5025
545,5033,5035,5038,5041,5042,5048,5050,5051,5054,5055,5060,5061,5063,5064,5066,5067,5068,5071,5072,5074,5076,5078,5080,5084,5085,5086,5092
546,5095,5097,5098,5099,5100,5101,5104,5105,5106,5107,5108
547,5109,5110,5111,5112,5114,5116,5117,5118,5120,5121,5122,5123,5124
548,5125
549,5126
550,5127,5128
551,5131,5132,5133,5134,5135,5136,5137,5138,5139,5140,5141,5142,5143,5144,5145,5146,5147,5148,5150,5151,5152,5153
552,5154,5155,5156,5157,5158,5159,5160,5162,5164,5166,5167,5168,5169,5171,5172,5173,5174
553,5177,5208,5225,5231
554,5239,5241,5242,5243,5246,5249,5251
555,5253,5255
556,5269
557,5270
558,5271,5273,5274
559,5275,5276,5278,5280,5282,5283,5284,5287,5288,5289,5290,5292,5293,5294,5295,5296,5297
560,5298,5299,5300,5301,5302,5303,5304,5305,5306,5308,5309,5310,5313,5314,5315,5316,5317,5318,5319,5320
561,5321,5324,5328,5329,5330,5334,5335,5337,5338,5340,5341,5345,5346,5353,5354,5355,5358,5361,5363,5364,5368,5370,5371,5372,5373,5374,5375,5376,5377,5382
562,5383,5384,5387,5389,5390,5395
563,5397,5398,5399,5400,5401,5402,5403,5404,5405,5406,5408,5409,5410,5411,5412
564,5413
565,5414
566,5415,5416,5417
567,5419,5420,5421,5422,5423,5424,5425,5426,5427,5428,5429,5430,5431,5432,5433,5434,5435,5436,5437,5438,5439,5440,5441
568,5442,5443,5444,5445,5447,5448,5450,5452,5455,5456,5457,5458,5460,5462,5463
569,5465,5466,5475,5478,5485,5487,5489,5491,5492,5493,5498,5504,5505,5511,5512,5514,5515,5520,5522,5526
570,5527,5528,5529,5530,5531,5532,5533,5534,5535,5536,5537,5538,5539,5540
571,5541,5544,5545,5547,5548,5549,5550,5552,5553,5554,5556
572,5557
573,5558
574,5559,5561,5562
575,5563,5565,5568,5569,5570,5571,5572,5573,5575,5576,5577,5579,5582,5583,5584
576,5586,5587,5588,5589,5590,5591,5592,5594,5595,5596,5597,5598,5599,5601,5602,5603,5604,5605,5606,5607,5608
577,5609,5614,5615,5616,5621,5622,5623,5624,5625,5628,5630,5633,5634,5635,5639,5643,5644,5648,5649,5653,5654,5656,5658,5660,5661,5664,5665,5669
578,5671,5674,5675,5676,5677,5680,5682,5683,5684
579,5685,5686,5687,5688,5689,5690,5691,5692,5693,5694,5695,5696,5697,5699,5700
580,5701
581,5702
582,5703,5704,5705,5706
583,5707,5708,5710,5711,5712,5713,5714,5717,5718,5719,5720,5721,5722,5725,5729
584,5730,5731,5732,5734,5735,5737,5738,5741,5742,5744,5746,5747,5748,5750,5751,5752
585,5753,5754,5755,5756,5758,5759,5760,5761,5762,5763,5764,5765,5766,5767,5768,5770,5772,5775,5777,5778,5779,5780,5781,5782,5783,5784,5785,5786,5787,5788,5789,5791,5792,5795,5796,5799,5800,5801,5803,5804,5805,5806,5808,5810,5811,5814
586,5815,5818,5819,5820,5823,5824,5827,5828
587,5829,5830,5831,5832,5833,5834,5835,5836,5837,5838,5839,5840,5841,5842,5843,5844
588,5845
589,5846
590,5847,5848,5849,5850
591,5851,5853,5854,5855,5856,5857,5860,5861,5862,5863,5864,5865,5866,5867,5868,5869,5870,5871,5872
592,5874,5875,5878,5879,5881,5886,5890
593,5897,5902,5907,5908,5909,5911,5914,5923,5925,5926,5933,5934,5936,5938,5942,5946,5948,5952,5953
594,5959,5962,5963,5964,5965,5966,5967,5968,5969,5970,5972
595,5973,5986
596,5989
597,5990
598,5991,5992,5993
599,5995,5996,5999,6000,6001,6003,6004,6005,6006,6010,6012,6013,6014,6015,6017
600,6018,6019,6020,6021,6023,6024,6026,6027,6028,6029,6030,6031,6032,6033,6034,6035,6036,6037,6038,6039,6040
601,6041,6043,6045,6048,6049,6051,6054,6060,6064,6065,6068,6071,6072,6073,6074,6075,6078,6081,6082,6083,6084,6089,6091,6096,6100,6101
602,6103,6104,6105,6106,6107,6108,6110,6111,6113,6115
603,6117,6118,6119,6120,6121,6122,6123,6124,6125,6126,6127,6128,6129,6130,6131,6132
604,6133
605,6134
606,6135,6137,6138
607,6139,6140,6141,6142,6143,6144,6145,6146,6147,6148,6149,6150,6151,6152,6153,6154,6155,6156,6157,6159,6160,6161
608,6162,6165,6168,6176,6180,6184
609,6185,6186,6188,6189,6190,6195,6202,6204,6205,6209,6213,6214,6215,6219,6220,6225,6232,6236,6238,6239,6240,6243,6245,6246
610,6247,6249,6250
611,6261,6262,6263,6264,6265,6266,6268,6269,6272,6274,6275
612,6277
613,6278
614,6279,6281,6282
615,6283,6298
616,6306,6308,6309,6311,6312,6313,6317,6319,6321,6322,6323,6326,6328
617,6329,6331,6332,6333,6334,6335,6336,6339,6340,6343,6344,6345,6346,6348,6349,6351,6353,6354,6355,6356,6357,6358,6359,6360,6361,6362,6363,6365,6366,6368,6370,6371,6372,6374,6376,6377,6379,6381,6384,6385,6386,6387,6388,6389,6390
618,6391,6393,6394,6397,6399,6400,6401,6402,6403,6404
619,6405,6406,6407,6411,6414,6418,6420
620,6421
621,6422
622,6423,6424,6425
623,6427,6428,6429,6430,6432,6433,6434,6435,6436,6437,6439,6440,6441,6442,6443,6445,6446,6447,6448,6449
624,6450,6451,6454,6457,6458,6459,6461,6464,6465,6470,6471
625,6473,6474,6478,6485,6486,6489,6491,6497,6499,6505,6506,6508,6509,6514,6520,6521,6522,6525,6526,6527,6529,6530,6531
626,6535,6539,6543,6544,6546,6548
627,6549,6553,6554,6563,6564
628,6565
629,6566
630,6567,6569
631,6571,6572,6574,6575,6577,6582,6583,6586,6588,6590,6593
632,6594,6595,6597,6598,6599,6600,6601,6602,6603,6604,6605,6606,6607,6608,6609,6610,6611,6612,6613,6614,6615,6616
633,6617,6618,6619,6620,6621,6624,6626,6631,6634,6635,6637,6638,6639,6642,6645,6646,6648,6649,6650,6651,6653,6657,6659,6660,6661,6666,6667,6673,6674,6675,6676,6678
634,6679,6680,6681,6682,6683,6684,6685,6686,6687,6688,6689,6690,6691
635,6693,6696,6699,6700,6701,6704,6707
636,6709
637,6710
638,6711,6713
639,6715,6721,6725
640,6738,6739,6740,6741,6742,6745,6746,6747,6748,6749,6750,6753,6755,6756,6758,6759,6760
641,6761,6762,6763,6765,6766,6768,6769,6771,6774,6775,6776,6777,6778,6779,6780,6783,6785,6786,6787,6788,6789,6792,6795,6796,6800,6803,6805,6806,6807,6808,6809,6810,6816,6817,6818,6819,6820
642,6823,6824,6826,6827,6828,6831,6832,6833,6834,6836
643,6837,6838,6840,6841,6842,6843,6844,6845,6846,6847,6848,6849,6850,6851,6852
644,6853
645,6854
646,6855,6856,6857
647,6859,6864,6867,6869,6881
648,6882,6884,6887,6889,6890,6893,6895,6897,6898,6899,6900
649,6905,6907,6911,6913,6915,6917,6924,6933,6934,6935,6936,6938,6939,6941,6945,6951,6955,6959,6960,6962,6964,6965
650,6967,6972,6973
651,6981,6982,6985,6988,6989,6991,6996
652,6997
653,6998
654,6999,7001
655,7003,7011
656,7026,7027,7030,7032,7033,7034,7035,7036,7039,7046,7047
657,7049,7051,7058,7062,7077,7080,7082,7084,7086,7088,7093,7098,7102,7103,7105,7109
658,7111,7112,7113,7115,7116,7117,7118,7120,7122,7124
659,7125,7126,7127,7128,7129,7130,7131,7132,7133,7134,7135,7136,7137,7138,7139,7140
660,7141
661,7142
662,7143
663,7147,7148,7150,7151,7152,7153,7155,7156,7157,7158,7159,7160,7161,7162,7164,7165,7166,7168,7169
664,7170,7171,7174,7177,7178,7179,7181,7182,7183,7186,7187,7189,7190,7191,7192
665,7193,7194,7195,7196,7198,7200,7201,7204,7205,7206,7207,7208,7209,7211,7213,7216,7217,7218,7220,7222,7224,7225,7226,7227,7229,7230,7231,7232,7234,7236,7238,7242,7243,7245,7246,7247,7249,7250,7251,7252,7253,7254
666,7255,7257,7259,7261,7263,7264,7265,7266,7267
667,7269,7275,7276,7278,7281,7283
668,7285
669,7286
670,7287,7290
671,7291,7292,7294,7295,7296,7297,7298,7300,7301,7302,7303,7304,7305,7306,7307,7308,7309,7311,7312
672,7314,7316,7320,7323,7325,7328,7331,7332
673,7337,7342,7343,7344,7345,7346,7347,7348,7349,7350,7352,7353,7357,7359,7360,7361,7362,7365,7366,7368,7370,7371,7372,7373,7375,7376,7377,7378,7379,7380,7384,7387,7389,7391,7393,7394,7396
674,7399,7401,7402,7404,7405,7406,7409,7411,7412
675,7413,7415,7416,7419,7420,7421,7423,7424,7426,7428
676,7429
677,7430
678,7431,7432,7433,7434
679,7435,7437
680,7458,7459,7461,7464,7465,7468,7469,7471,7473,7474,7475,7477
681,7481,7482,7483,7484,7486,7487,7488,7490,7491,7493,7494,7496,7497,7498,7499,7500,7502,7503,7504,7505,7506,7507,7509,7510,7511,7512,7515,7517,7519,7520,7521,7523,7525,7526,7527,7528,7529,7530,7533,7535,7536,7538,7539,7540,7541,7542
682,7543,7545,7551,7554
683,7557,7558,7560,7561,7562,7563,7564,7565,7566,7567,7568,7569,7570,7571,7572
684,7573
685,7574
686,7575,7576,7577,7578
687,7579,7584,7590,7596,7599,7600,7601
688,7602,7603,7604,7605,7606,7607,7609,7610,7611,7612,7613,7614,7615,7616,7617,7618,7619,7620,7621,7622,7623,7624
689,7625,7626,7627,7628,7629,7630,7631,7632,7633,7634,7635,7636,7637,7638,7639,7640,7641,7642,7643,7644,7645,7646,7647,7648,7650,7651,7652,7653,7654,7655,7656,7657,7659,7660,7661,7663,7664,7665,7666,7667,7668,7670,7671,7672,7673,7674,7675,7676,7677,7678,7679,7680,7681,7682,7683,7684,7685
690,7687,7688,7689,7691,7692,7693,7694,7695,7696,7697,7699
691,7701,7703,7707,7708,7709,7715
692,7717
693,7718
694,7719,7721,7722
695,7723,7728,7729,7735,7739,7745
696,7746,7750,7751,7752,7753,7754,7755,7757,7758,7760,7762,7763,7765,7766,7767,7768
697,7769,7771,7775,7777,7778,7784,7787,7791,7792,7793,7795,7799,7801,7804,7805,7807,7816,7817,7819,7823,7824,7825,7828
698,7831,7836,7839,7842,7844
699,7845,7846,7847,7848,7850,7853,7855,7856,7858,7860
700,7861
701,7862
702,7863,7866
703,7867,7873,7874,7875,7877,7878,7880,7882,7883,7884,7885,7887,7889
704,7890,7892,7894,7897,7898,7899,7900,7901,7902,7904,7906,7907,7908,7910,7911
705,7913,7919,7920,7922,7923,7924,7926,7928,7929,7938,7941,7943,7946,7951,7955,7958,7961,7967,7969
706,7975,7976,7977,7980,7981,7985,7987
707,7989,7990,7991,7992,7994,7995,7996,7997,7999,8000,8001,8002,8003,8004
708,8005
709,8006
710,8007,8008,8010
711,8011,8012,8013,8014,8017,8018,8019,8021,8023,8024,8026,8027,8029,8031,8032
712,8034,8038,8039,8040,8041,8053,8055
713,8057,8058,8063,8064,8066,8068,8069,8070,8071,8073,8074,8083,8084,8085,8086,8088,8091,8095,8098,8100,8102,8104,8105,8109,8110,8111,8112,8115,8116,8118
714,8119,8120,8123,8127,8129,8130,8131,8132
715,8133,8134,8135,8136,8137,8138,8139,8140,8141,8142,8143,8144,8145,8146,8147,8148
716,8149
717,8150
718,8151,8152,8153,8154
719,8155,8156,8157,8159,8160,8161,8162,8163,8164,8165,8168,8170,8171,8173,8174,8175,8176,8177
720,8178,8179,8181,8182,8185,8186,8189,8190,8191,8192,8194,8195,8196,8199,8200
721,8201,8202,8203,8205,8206,8207,8209,8211,8212,8213,8214,8215,8217,8218,8219,8221,8224,8226,8227,8228,8229,8231,8232,8233,8234,8235,8236,8237,8239,8240,8241,8242,8243,8245,8246,8247,8248,8250,8251,8253,8254,8255,8256,8257,8259,8260,8261,8262
722,8263,8264,8267,8268,8269,8270,8271,8273,8276
723,8277,8282
724,8293
725,8294
726,8295
727,8299,8300,8301,8302,8303,8304,8305,8306,8307,8309,8310,8311,8313,8314,8315,8316,8317,8318,8319,8320,8321
728,8322,8324,8325,8327,8331,8338,8339
729,8345,8347,8348,8349,8350,8351,8352,8353,8354,8355,8356,8357,8358,8359,8360,8361,8362,8363,8364,8365,8366,8367,8368,8369,8370,8371,8373,8375,8376,8377,8378,8379,8380,8381,8382,8383,8384,8385,8386,8387,8388,8389,8390,8391,8392,8393,8394,8395,8396,8398,8399,8400,8401,8402,8403,8404,8405,8406
730,8407,8408,8412,8416,8417,8418,8419
731,8421,8425,8428,8430,8432,8436
732,8437
733,8438
734,8439
735,8443,8444,8445,8446,8447,8448,8449,8450,8452,8453,8454,8455,8456,8457,8458,8459,8460,8461,8462,8463,8464,8465
736,8466,8467,8469,8471,8477,8480,8485,8486,8488
737,8489,8503,8511
738,8551,8553,8554,8561,8563
739,8565,8567,8568,8570,8572,8573,8574,8577,8579,8580
740,8581
741,8582
742,8583,8584,8585,8586
743,8587,8591,8594,8595,8596,8597,8598,8599,8601,8603,8605,8606,8607
744,8610,8611,8613,8616,8619,8621,8626,8627,8629,8632
745,8633,8634,8635,8636,8637,8638,8639,8640,8641,8643,8644,8645,8646,8647,8648,8649,8650,8651,8652,8653,8654,8656,8657,8658,8659,8661,8662,8663,8664,8665,8666,8667,8668,8669,8670,8671,8672,8673,8674,8675,8676,8677,8678,8679,8680,8681,8682,8683,8684,8685,8686,8687,8688,8689,8690,8691,8692,8693,8694
746,8695,8696,8697,8699,8700,8701,8702,8703,8704,8705,8707,8708
747,8709,8710,8712,8713,8714,8715,8716,8717,8718,8719,8721,8722,8723,8724
748,8725
749,8726
750,8727,8728,8729,8730
751,8731,8733,8735,8737,8741,8744,8746,8748,8750,8752
752,8754,8757,8762,8766,8768,8769,8770,8771,8772
753,8777,8778,8780,8781,8782,8784,8785,8786,8787,8789,8790,8791,8792,8794,8795,8796,8797,8798,8800,8801,8802,8804,8805,8807,8808,8809,8812,8814,8815,8816,8817,8819,8820,8821,8824,8825,8826,8827,8828,8829,8830,8832,8833,8834,8835,8837,8838
754,8839,8840,8841,8842,8843,8844,8845,8846,8847,8848,8849,8850,8851,8852
755,8853,8855,8856,8860,8861
756,8869
757,8870
758,8871,8872
759,8875,8878,8879,8880,8881,8882,8883,8884,8886
760,8898,8899
761,8921,8924,8930,8931,8935,8939,8940,8941,8948,8952,8953,8963,8964,8965,8973,8974,8975,8982
762,8983,8986,8990,8991,8992,8996
763,8997,8998,9000,9001,9002,9003,9005,9006,9008,9009,9010,9011,9012
764,9013
765,9014
766,9015,9018
767,9019,9024,9027,9029,9030,9031,9034,9036,9037,9038
768,9042,9044,9046,9047,9048,9049,9054,9056,9058,9061,9063,9064
769,9065,9067,9068,9069,9072,9075,9077,9078,9079,9081,9082,9087,9094,9095,9102,9104,9106,9109,9111,9113,9114,9117,9119,9122,9125,9126
770,9127,9128,9129,9131,9133,9138,9139,9140
771,9141,9142,9143,9144,9145,9148,9149,9154,9155
772,9157
773,9158
774,9159,9161
775,9163,9164,9166,9168,9169,9171,9172,9173,9174,9175,9176,9177,9179,9180,9181,9182,9183,9184,9185
776,9186,9190,9191,9192,9194,9195,9198,9199,9200,9201,9202,9204,9206,9207,9208
777,9209,9210,9211,9213,9214,9215,9216,9219,9220,9221,9222,9223,9224,9225,9226,9227,9228,9229,9230,9231,9232,9233,9234,9235,9236,9237,9238,9240,9242,9243,9245,9247,9248,9249,9250,9251,9252,9253,9254,9255,9257,9258,9259,9260,9261,9262,9263,9264,9265,9267,9268,9269,9270
778,9271,9273,9274,9276,9277,9278,9279,9280,9281,9282,9283,9284
779,9285,9286,9287,9291,9292,9294,9295,9297,9298,9299
780,9301
781,9302
782,9303,9304,9305,9306
783,9307,9308,9322,9323,9324
784,9330,9348,9352
785,9353,9355,9356,9357,9358,9360,9361,9362,9363,9364,9365,9366,9369,9370,9371,9372,9373,9377,9378,9380,9381,9382,9383,9385,9387,9389,9390,9391,9392,9395,9396,9397,9398,9399,9400,9401,9403,9404,9405,9406,9407,9410,9411,9412,9414
786,9415,9416,9417,9418,9419,9423,9427,9428
787,9429,9430,9433,9434,9436,9439,9440,9441,9442
788,9445
789,9446
790,9447,9448,9449,9450
791,9451,9452,9453,9454,9455,9458,9461,9463,9464,9466,9467,9471
792,9474,9475,9476,9477,9479,9480,9481,9482,9483,9487,9488,9489,9490,9491,9492,9494,9495,9496
793,9497,9502,9510,9512,9513,9522,9527,9529,9533,9535,9536,9545,9552,9553,9554,9556,9557
794,9559,9560,9561,9564,9565,9566,9567,9569,9570,9571,9572
795,9573,9574,9575,9576,9577,9578,9579,9580,9581,9582,9583,9584,9585,9586,9587,9588
796,9589
797,9590
798,9591,9594
799,9595,9596,9597,9599,9600,9601,9605,9606,9607,9608,9610,9611,9612,9613,9617
800,9618,9620,9621,9622,9623,9625,9626,9627,9628,9629,9630,9631,9632,9633,9634,9635,9636,9637,9639
801,9641,9645,9647,9648,9651,9655,9657,9663,9664,9667,9669,9670,9674,9678,9683,9685,9686,9690,9699,9702
802,9703,9705,9707,9708,9714
803,9717,9718,9722,9729,9730
804,9733
805,9734
806,9735,9737,9738
807,9739,9740,9741,9742,9743,9744,9745,9746,9747,9748,9749,9750,9751,9752,9753,9754,9755,9756,9757,9758,9759,9760,9761
808,9762,9777
809,9785,9787,9793,9796,9798,9800,9805,9822,9828,9835,9836,9845
810,9847,9857,9859
811,9861,9863,9864,9866,9867,9868,9869,9870,9871
812,9877
813,9878
814,9879,9880,9881,9882
815,9883,9885,9886,9887,9889,9896,9900,9902,9904,9905
816,9906,9907,9909,9910,9913,9914,9915,9916,9918,9919,9920,9921,9922,9923,9928
817,9929,9930,9931,9933,9935,9936,9937,9940,9941,9944,9947,9948,9949,9951,9953,9955,9957,9959,9961,9963,9964,9965,9968,9969,9971,9972,9974,9975,9976,9977,9978,9980,9982,9983,9984,9987,9988
818,9991,9992,9993,9994,9997,9998,10002
819,10005,10006,10007,10008,10009,10010,10011,10012,10013,10014,10015,10016,10017,10018,10020
820,10021
821,10022
822,10023,10024,10025
823,10027,10041
824,10050,10056,10063
825,10073,10076,10080,10084,10085,10091,10093,10095,10096,10100,10103,10104,10105,10109,10110,10113,10118,10119,10120,10123,10126,10127,10130
826,10135,10136,10137,10138,10139,10140,10141,10142,10143,10144,10145,10146
827,10149,10160
828,10165
829,10166
830,10167,10168,10170
831,10171,10173,10174,10175,10176,10177,10178,10179,10180,10181,10182,10185,10186,10187,10188,10189,10191,10192
832,10194,10195,10196,10198,10199,10200,10201,10202,10203,10204,10205,10206,10207,10208,10209,10210,10211,10212,10213,10214,10215,10216
833,10217,10220,10223,10224,10225,10226,10227,10230,10232,10235,10239,10240,10241,10243,10244,10245,10248,10250,10256,10258,10259,10260,10261,10262,10263,10264,10266,10271,10274,10275,10276,10278
834,10279,10280,10282,10285,10286,10290,10291
835,10293,10300,10303,10305,10308
836,10309
837,10310
838,10311,10312,10314
839,10315,10316,10317,10318,10319,10320,10321,10322,10323,10324,10325,10326,10327,10328,10329,10331,10332,10333,10334,10335,10336,10337
840,10338,10340,10341,10346,10348,10352,10355,10356
841,10361,10362,10365,10367,10369,10370,10371,10375,10376,10377,10378,10379,10380,10381,10383,10384,10386,10387,10388,10391,10392,10393,10394,10395,10396,10397,10398,10400,10402,10403,10404,10405,10408,10409,10410,10411,10412,10414,10415,10419,10421,10422
842,10423,10426,10427,10430,10432,10433
843,10437,10438,10441,10442,10443,10445,10447,10449,10451,10452
844,10453
845,10454
846,10455,10456,10457
847,10459,10465,10467,10469,10471,10472,10474,10480,10481
848,10482,10489,10490,10491,10492,10499,10504
849,10505,10506,10507,10509,10510,10511,10512,10514,10515,10516,10517,10518,10519,10520,10521,10522,10523,10524,10525,10526,10527,10528,10529,10530,10531,10533,10534,10535,10536,10537,10538,10539,10540,10542,10543,10544,10545,10546,10547,10548,10550,10551,10552,10553,10554,10556,10557,10558,10559,10561,10562,10563,10564,10565,10566
850,10567,10571,10573,10575,10577,10579
851,10581,10584,10589,10593
852,10597
853,10598
854,10599,10602
855,10603,10604,10606,10608,10609,10611,10612,10613,10614,10615,10619,10620,10621,10622,10623,10624
856,10626,10628,10629,10630,10632,10633,10634,10636,10638,10640,10641,10642,10643,10644,10645,10647
857,10649,10660,10676,10678,10680,10682,10683,10687,10690,10697,10698,10705,10707
858,10711,10712,10713,10714,10716,10717,10721,10722,10723,10724
859,10725,10729
860,10741
861,10742
862,10743,10744,10746
863,10747,10750,10756,10757,10758,10760,10767,10768
864,10770,10771,10775,10777,10778,10785,10786,10790,10791
865,10793,10797,10800,10801,10802,10803,10807,10811,10812,10814,10816,10818,10819,10820,10821,10824,10825,10826,10827,10832,10833,10834,10835,10837,10841,10843,10844,10845,10846,10847,10848,10849,10850
866,10855,10856,10857,10858,10861,10862,10863,10868
867,10869,10871,10872,10874,10880
868,10885
869,10886
870,10887,10889
871,10891,10892,10893,10894,10895,10896,10897,10898,10899,10900,10901,10902,10903,10904,10905,10906,10907,10908,10909,10910,10911,10912,10913
872,10914,10921,10923,10924,10925,10927,10932
873,10937,10957,10961,10998
874,10999,11000,11001,11002,11003,11004,11005,11006,11007,11008,11009,11010,11011,11012
875,11013,11014,11015,11016,11017,11018,11019,11020,11021,11022,11024,11025,11026,11027,11028
876,11029
877,11030
878,11031,11033
879,11035,11036,11038,11040,11041,11042,11043,11044,11045,11046,11048,11049,11051,11052,11053,11054,11055
880,11058,11059,11062,11071,11075,11077,11079
881,11081,11082,11083,11084,11085,11086,11087,11088,11089,11090,11091,11092,11094,11095,11096,11097,11099,11100,11101,11102,11103,11104,11105,11106,11107,11108,11109,11110,11111,11112,11113,11116,11117,11118,11119,11120,11121,11122,11123,11124,11125,11126,11127,11128,11129,11130,11131,11132,11133,11134,11135,11136,11137,11138,11139,11140,11141,11142
882,11143,11144,11145,11146,11147,11148,11149,11150,11152,11153,11154,11156
883,11157,11163,11165,11166,11172
884,11173
885,11174
886,11175,11177
887,11179,11180,11181,11182,11183,11184,11185,11186,11188,11189,11190,11191,11194,11195,11197,11198,11199,11200
888,11202,11203,11205,11206,11208,11210,11213,11214,11215,11217,11219,11221,11222,11223,11224
889,11225,11234,11244,11253,11254,11255,11257,11262,11266,11268,11282
890,11287,11288,11294,11296,11299,11300
891,11301,11304,11305,11306,11311,11312,11313,11314,11315
892,11317
893,11318
894,11319,11322
895,11323,11324,11335,11337,11338,11340,11342,11345
896,11346,11347,11348,11349,11350,11351,11352,11353,11355,11356,11357,11358,11359,11360,11361,11362,11363,11364,11365,11366,11367,11368
897,11369,11379,11397,11400,11404,11410,11412
898,11431,11432,11433,11434,11436,11439,11440,11441,11442,11443,11444
899,11445,11446,11447,11448,11449,11450,11451,11452,11453,11455,11456,11457,11458,11459,11460
900,11461
901,11462
902,11463,11464
903,11467,11470,11477,11480,11482,11486,11488
904,11490,11492,11493,11494,11496,11497,11498,11499,11500,11501,11502,11503,11505,11507,11509,11510,11512
905,11513,11522,11529,11534,11545,11553
906,11575,11576
907,11589,11590,11591,11592,11593,11596,11597,11598,11600,11601,11602,11603,11604
908,11605
909,11606
910,11607,11608,11610
911,11611,11612,11613,11615,11616,11617,11618,11619,11620,11621,11622,11625,11626,11627,11628,11629,11631,11632
912,11634,11640,11641,11642,11643,11645
913,11657,11658,11659,11660,11661,11662,11663,11664,11665,11666,11667,11668,11669,11670,11671,11672,11673,11675,11676,11677,11678,11680,11682,11683,11684,11685,11686,11687,11688,11689,11690,11691,11692,11695,11696,11697,11698,11699,11700,11703,11704,11705,11706,11708,11709,11711,11712,11714,11715,11716,11717,11718
914,11719,11720,11722,11724,11725,11727,11728,11729,11731,11732
915,11733,11735,11737,11738,11739,11740,11742,11743,11747,11748
916,11749
917,11750
918,11751,11752,11753,11754
919,11755,11756,11757,11759,11760,11762,11763,11767,11768,11772,11773
920,11778,11779,11780,11782,11784,11789,11790,11792,11793,11794,11795,11797
921,11801,11802,11803,11804,11805,11806,11807,11808,11809,11810,11811,11813,11814,11815,11817,11818,11819,11820,11821,11823,11824,11825,11826,11827,11828,11829,11831,11832,11833,11834,11835,11836,11837,11839,11840,11841,11842,11843,11844,11845,11846,11847,11848,11849,11851,11852,11853,11854,11855,11856,11857,11858,11859,11860,11861,11862
922,11863,11864,11867,11869,11870,11872,11874,11875
923,11877,11879,11887
924,11893
925,11894
926,11895,11897
927,11899,11900,11901,11902,11903,11904,11905,11906,11907,11908,11909,11910,11911,11912,11913,11914,11915,11916,11917,11918,11919,11920,11921
928,11922,11923,11928,11930,11931,11937,11944
929,11945,11950,11959,11965,11974,11983,11984,11986,11989,11993,11994,11996
930,12007,12012,12014,12015,12016,12018,12019,12020
931,12021,12024,12025,12026,12027,12031,12033,12035
932,12037
933,12038
934,12039,12040
935,12043,12044,12051,12053,12055,12057,12060,12061,12065
936,12066,12067,12070,12071,12072,12073,12074,12075,12076,12078,12079,12080,12081,12083,12084,12087,12088
937,12089,12090,12094,12097,12099,12101,12102,12104,12107,12108,12109,12111,12113,12114,12115,12116,12117,12120,12123,12127,12128,12130,12134,12136,12140,12145,12148,12149,12150
938,12151,12154,12164
939,12165,12173,12178,12179
940,12181
941,12182
942,12183,12184,12185
943,12187,12189,12194,12196,12203
944,12210,12211,12212,12213,12214,12215,12216,12217,12218,12219,12220,12221,12222,12223,12224,12225,12226,12227,12228,12229,12230,12231,12232
945,12233,12236,12237,12238,12242,12243,12244,12245,12246,12247,12249,12250,12252,12255,12256,12257,12261,12262,12265,12266,12269,12270,12271,12273,12275,12276,12279,12283,12285,12286,12287,12288,12289,12292,12293
946,12295,12296,12297,12299,12300,12301,12302,12303,12304,12307
947,12309,12310,12313,12314,12318,12319,12320,12321
948,12325
949,12326
950,12327,12328,12329,12330
951,12331,12334,12337,12342,12344,12345,12347,12349,12350,12351,12352,12353
952,12354,12356,12358,12359,12363,12366
953,12377,12378,12379,12381,12382,12383,12385,12387,12389,12391,12392,12394,12396,12398,12400,12401,12402,12403,12404,12405,12406,12407,12408,12409,12410,12412,12414,12417,12419,12420,12422,12423,12424,12426,12427,12428,12429,12430,12432,12433,12434,12435,12437,12438
954,12439,12444,12449,12450,12451
955,12453,12454,12455,12457,12458,12459,12460,12462,12463,12464,12465,12466,12467,12468
956,12469
957,12470
958,12471,12472,12473,12474
959,12475,12476,12477,12478,12479,12480,12481,12482,12483,12485,12486,12487,12488,12489,12490,12491,12492,12494,12495,12496,12497
960,12498,12499,12500,12501,12502,12503,12504,12505,12506,12507,12508,12510,12511,12512,12513,12514,12515,12516,12518,12519,12520
961,12521,12522,12523,12524,12525,12526,12527,12528,12529,12530,12531,12532,12533,12534,12535,12536,12537,12538,12539,12540,12541,12542,12543,12544,12545,12546,12547,12548,12549,12550,12551,12552,12553,12554,12555,12556,12557,12558,12559,12560,12561,12562,12563,12564,12565,12566,12567,12568,12569,12570,12571,12572,12573,12574,12575,12576,12577,12578,12579,12580,12581,12582
962,12583,12587,12588,12591,12595
963,12597,12598,12599,12600,12601,12602,12603,12605,12606,12607,12609,12610,12611,12612
964,12613
965,12614
966,12615,12616
967,12619,12621,12622,12623,12625,12627,12629,12630,12631,12634,12636,12637,12638,12639
968,12642,12644,12646,12647,12648,12649,12650,12651,12652,12655,12658,12659,12661,12662,12663
969,12665,12666,12667,12668,12672,12675,12677,12683,12686,12689,12691,12693,12701,12703,12704,12711,12721,12722
970,12727,12728,12729,12731,12732,12734,12735,12736,12737,12738,12739,12740
971,12741,12748,12749,12752,12754,12755,12756
972,12757
973,12758
974,12759,12760
975,12763,12764,12766,12767,12768,12769,12770,12771,12772,12773,12774,12775,12776,12777,12778,12780,12782,12783,12784,12785
976,12786,12789,12790,12791,12793,12795,12796,12797,12798,12799,12800,12802,12804,12805,12806,12807,12808
977,12809,12810,12811,12812,12813,12814,12815,12817,12819,12820,12821,12822,12824,12825,12826,12828,12829,12830,12831,12832,12833,12834,12835,12836,12839,12840,12842,12843,12844,12845,12847,12848,12851,12852,12853,12854,12855,12856,12858,12861,12862,12863,12864,12865,12866,12867,12868,12869,12870
978,12871,12872,12876,12877,12881,12883
979,12885,12886,12887,12888,12890,12891,12892,12893,12894,12895,12897,12898,12899,12900
980,12901
981,12902
982,12903,12904,12905,12906
983,12907,12908,12911,12912,12913,12916,12917,12919,12920,12923,12924,12928
984,12930,12932,12935,12936,12938,12939,12942,12943,12945,12946,12947,12948,12949,12950
985,12953,12956,12959,12973,12981,12991,13001,13004,13011,13013
986,13015,13017,13021,13022,13023,13024,13026,13028
987,13029,13030,13031,13032,13033,13034,13035,13036,13037,13038,13039,13040,13041,13042,13043,13044
988,13045
989,13046
990,13047,13048,13049,13050
991,13051,13058,13059,13061,13063,13066,13067,13070
992,13074,13078,13079,13082,13085,13086,13088,13089,13091,13092,13095,13096
993,13097,13107,13116,13123,13142,13157
994,13159,13160,13162,13168,13169,13171
995,13173,13175,13176,13177,13178,13179,13180,13181,13182,13183,13184,13185,13186,13187
996,13189
997,13190
998,13191,13192,13194
999,13195,13196,13198,13199,13200,13203,13205,13208,13214,13217
1000,13218,13221,13223,13224,13225,13227,13228,13232,13233,13234,13238,13240
1001,13241,13256,13265,13268,13271,13273,13279,13283,13284
1002,13303,13306,13307,13311,13312,13313,13315
1003,13317,13321,13323,13324,13325,13326,13327,13328,13329,13331,13332
1004,13333
1005,13334
1006,13335,13336,13338
1007,13339,13340,13341,13342,13344,13345,13346,13348,13350,13351,13352,13354,13355,13356,13357,13358,13359,13360,13361
1008,13362,13375,13376
1009,13385,13387,13388,13389,13390,13392,13395,13396,13397,13398,13400,13402,13403,13405,13407,13408,13409,13410,13411,13412,13415,13416,13419,13420,13421,13424,13425,13426,13428,13429,13431,13432,13433,13438,13439,13440,13442,13443,13445
1010,13447,13451,13452,13453,13455,13457
1011,13461,13462,13463,13464,13465,13466,13467,13468,13469,13470,13471,13472,13473,13474,13475,13476
1012,13477
1013,13478
1014,13479,13481,13482
1015,13483,13490,13493,13503
1016,13506,13510,13515,13524
1017,13529,13531,13532,13534,13536,13538,13540,13546,13547,13553,13554,13559,13560,13561,13568,13569,13571,13572,13573,13584,13587,13590
1018,13591,13592,13596,13599,13600,13601
1019,13605,13606,13608,13609,13610,13613,13614,13615,13616,13617,13618,13619,13620
1020,13621
1021,13622
1022,13623,13624,13625,13626
1023,13627,13628,13631,13632,13633,13634,13638,13641,13644,13646,13647,13649
1024,13650,13651,13654,13656,13657,13658,13660,13661,13662,13665,13667,13669,13670,13671
1025,13673,13674,13675,13676,13677,13681,13682,13683,13685,13686,13687,13692,13695,13696,13697,13698,13699,13700,13701,13703,13704,13709,13710,13711,13713,13714,13716,13717,13718,13719,13720,13722,13723,13724,13725,13727,13732
1026,13735,13736,13737,13738,13739,13740,13741,13742,13743,13744,13745,13746,13747,13748
1027,13749,13751,13752,13753,13756,13757,13759
1028,13765
1029,13766
1030,13767,13768,13770
1031,13771,13773,13774,13775,13776,13777,13780,13781,13782,13783,13784,13785,13786,13787,13789,13790,13791,13792,13793
1032,13794,13796,13798,13801,13802,13804,13805,13816
1033,13817,13820,13825,13826,13828,13829,13834,13843,13846,13852,13855,13857,13859,13865,13869
1034,13879,13880,13881,13882,13884,13885,13886,13887,13888,13889,13890,13891
1035,13893,13894,13895,13896,13897,13898,13899,13900,13906
1036,13909
1037,13910
1038,13911,13912,13914
1039,13915,13916,13918,13919,13920,13921,13922,13923,13924,13925,13926,13929,13930,13931,13933,13937
1040,13938,13939,13940,13941,13942,13944,13945,13947,13948,13949,13950,13951,13953,13954,13955,13956,13957,13958,13959,13960
1041,13961,13963,13964,13966,13967,13973,13976,13979,13980,13981,13984,13985,13987,13988,13989,13990,13991,13992,13993,13996,13997,13998,13999,14003,14004,14005,14007,14009,14011,14012,14015,14019,14021
1042,14023,14026,14027,14033
1043,14037,14038,14039,14041,14042,14043,14052
1044,14053
1045,14054
1046,14055,14056,14058
1047,14059,14063,14064,14065,14066,14068,14069,14071,14072,14073,14074,14075,14077,14079,14081
1048,14082,14083,14084,14085,14086,14087,14088,14092,14093,14094,14095,14096,14098,14100,14101,14102,14103
1049,14105,14106,14107,14110,14111,14113,14116,14117,14118,14119,14120,14125,14126,14127,14129,14130,14131,14132,14136,14138,14140,14141,14142,14143,14144,14145,14146,14148,14149,14151,14152,14154,14157,14158,14159,14160,14162,14163,14164
1050,14167,14168,14169,14170,14171,14172,14173,14174,14175,14176,14177,14178,14179,14180
1051,14181,14182,14183,14184,14185,14186,14189,14190,14191,14192,14193,14194,14195,14196
1052,14197
1053,14198
1054,14199,14200,14202
1055,14203,14204,14205,14207,14208,14209,14211,14212,14213,14215,14216,14218,14219,14222,14223,14225
1056,14226,14240,14241
1057,14249,14253,14255,14260,14266,14267,14275,14278,14281,14289,14291,14295,14301,14303,14304,14307
1058,14311,14313,14314,14316,14317,14318,14319,14324
1059,14325,14326,14327,14328,14329,14332,14334,14336,14337,14338,14340
1060,14341
1061,14342
1062,14343,14345
1063,14347,14349,14350,14351,14352,14353,14354,14358,14359,14360,14361,14363,14365,14367,14368,14369
1064,14370,14371,14373,14374,14376,14379,14380,14388
1065,14393,14394,14396,14397,14398,14399,14400,14401,14403,14404,14405,14406,14407,14408,14411,14412,14413,14414,14416,14418,14419,14421,14422,14423,14425,14426,14428,14429,14430,14431,14433,14434,14437,14441,14442,14443,14445,14446,14453,14454
1066,14455,14456,14457,14459,14460,14461,14462,14463,14464,14466,14468
1067,14469,14470,14472,14473,14474,14475,14476,14477,14478,14479,14481,14482,14483,14484
1068,14485
1069,14486
1070,14487,14488,14489,14490
1071,14491,14494,14498,14500,14504,14508,14510,14511
1072,14514,14515,14516,14519,14521,14523,14529,14530,14531,14532,14533,14535
1073,14537,14538,14539,14540,14542,14544,14545,14547,14548,14549,14554,14556,14557,14558,14560,14562,14564,14566,14567,14568,14570,14571,14572,14573,14575,14577,14579,14580,14581,14583,14584,14585,14586,14587,14588,14589,14590,14591,14592,14594,14596
1074,14599,14602,14604,14606,14607,14608,14610,14611,14612
1075,14613,14614,14615,14617,14618,14623,14624,14625
1076,14629
1077,14630
1078,14631,14633
1079,14635,14636,14639,14641,14647,14650,14651,14652,14656
1080,14658,14661,14662,14663,14666,14667,14668,14669,14670,14672,14673,14676,14677,14678,14680
1081,14681,14685,14686,14687,14689,14690,14691,14692,14693,14694,14695,14696,14698,14699,14700,14701,14702,14704,14707,14710,14714,14715,14716,14718,14721,14722,14723,14725,14726,14727,14728,14729,14730,14731,14732,14735,14738,14741,14742
1082,14743,14744,14745,14746,14747,14750,14751,14753,14754,14756
1083,14757,14759,14760,14761,14762,14767,14768,14769,14770
1084,14773
1085,14774
1086,14775,14776,14777,14778
1087,14779,14794,14797,14799
1088,14802,14803,14804,14805,14806,14807,14808,14809,14810,14811,14812,14813,14814,14815,14816,14817,14818,14819,14820,14821,14822,14823,14824
1089,14825,14826,14827,14828,14829,14830,14831,14832,14834,14835,14836,14837,14838,14840,14841,14842,14843,14844,14845,14846,14847,14848,14849,14850,14851,14852,14853,14854,14855,14856,14857,14858,14859,14860,14861,14862,14863,14864,14865,14866,14867,14868,14869,14870,14871,14872,14875,14876,14877,14878,14879,14880,14881,14882,14883,14884,14885
1090,14887,14889,14890,14894,14896,14897,14898
1091,14901,14905,14906,14907,14909,14912,14913,14915
1092,14917
1093,14918
1094,14919
1095,14923,14935
1096,14946,14947,14950,14951,14953,14955,14956,14957,14958,14960,14962,14963,14964,14966,14967,14968
1097,14969,14990,15030
1098,15031,15035,15044
1099,15045,15047,15048,15050,15052,15053,15054,15056,15057
1100,15061
1101,15062
1102,15063,15064
1103,15067,15068,15069,15070,15071,15073,15075,15076,15078,15080,15083,15084,15086,15087,15089
1104,15090,15091,15093,15094,15095,15096,15097,15098,15099,15100,15101,15102,15103,15104,15106,15107,15108,15109,15112
1105,15113,15122,15125,15137,15139,15141,15147,15155
1106,15175,15178,15180,15181,15182,15183,15184
1107,15189,15190,15192,15193,15194,15196,15197,15198,15199,15200,15204
1108,15205
1109,15206
1110,15207,15208,15209
1111,15211,15212,15213,15219,15222,15223,15225,15226,15227,15228,15230,15232
1112,15234,15240,15247,15249,15254
1113,15257,15259,15260,15261,15262,15264,15265,15267,15269,15270,15271,15272,15273,15274,15275,15276,15277,15278,15279,15280,15281,15282,15283,15284,15286,15287,15288,15289,15290,15291,15292,15293,15296,15297,15300,15301,15303,15304,15305,15307,15308,15309,15310,15313,15314,15315,15316,15317
1114,15319,15320,15321,15322,15324,15325,15329
1115,15333,15335,15336,15337,15338,15339,15340,15342,15343,15344,15347,15348
1116,15349
1117,15350
1118,15351,15352,15353,15354
1119,15355,15356,15359,15365,15368,15370,15371,15377
1120,15378,15381,15385,15386,15387,15388,15389,15391,15392,15393,15395,15396,15397,15399,15400
1121,15401,15403,15404,15405,15406,15407,15408,15409,15410,15411,15412,15413,15416,15417,15418,15419,15420,15423,15425,15426,15427,15429,15430,15432,15437,15438,15439,15442,15443,15444,15445,15448,15449,15450,15451,15452,15453,15454,15455,15457,15458,15460,15461,15462
1122,15463,15464,15465,15466,15467,15468,15469,15470,15471,15472,15474,15475,15476
1123,15477,15478,15479,15480,15481,15483,15484,15485,15486,15487,15488,15489,15490,15491
1124,15493
1125,15494
1126,15495
1127,15499,15507,15520
1128,15522,15526,15533,15534,15539,15544
1129,15545,15547,15550,15551,15553,15563,15580,15585,15587,15591,15592,15594,15595,15597,15598,15601,15604
1130,15607,15608,15618
1131,15621,15622,15623,15624,15625,15626,15629,15630,15631,15632,15634,15635,15636
1132,15637
1133,15638
1134,15639,15640,15642
1135,15643,15644,15645,15647,15648,15651,15652,15653,15655,15656,15657,15658,15660,15661,15662,15663,15665
1136,15666,15667,15673,15674,15675,15676,15678,15679,15680,15681,15682,15683,15684,15685,15687
1137,15689,15693,15696,15699,15703,15706,15708,15711,15712,15713,15716,15719,15722,15726,15728,15729,15731,15737,15738,15743,15744
1138,15751,15753,15755,15756,15757,15758,15759,15760,15761,15762,15763
1139,15765,15768,15769,15770,15771,15772,15774,15777,15779,15780
1140,15781
1141,15782
1142,15783,15784,15785,15786
1143,15787,15791,15796,15801,15805
1144,15810,15812,15814,15818,15820,15824,15828,15829,15831
1145,15833,15834,15835,15836,15838,15840,15841,15842,15843,15846,15849,15851,15852,15854,15855,15856,15858,15861,15863,15864,15865,15868,15869,15872,15873,15874,15875,15877,15878,15879,15882,15885,15886,15887,15888,15889,15890,15891,15892,15893
1146,15895,15896,15900,15901,15902,15904,15905
1147,15909,15910,15912,15920,15921,15922,15923
1148,15925
1149,15926
1150,15927,15928,15930
1151,15931,15933,15938,15941,15944,15945,15946,15947,15949,15951,15952,15953
1152,15954,15959,15963,15967,15968,15972,15974,15975,15976
1153,15977,15982,15983,15986,15987,15988,15990,15991,15992,15993,15995,15996,16000,16004,16005,16012,16014,16015,16020,16021,16022,16027,16028,16029,16030,16031,16035
1154,16039,16040,16041,16042,16043,16044,16045,16046,16047,16048,16050,16051,16052
1155,16053,16054,16057,16058,16059,16060,16061,16062,16063,16064,16065,16066,16067,16068
1156,16069
1157,16070
1158,16071,16073,16074
1159,16075,16084,16086,16087,16091,16092,16093,16094,16095,16097
1160,16098,16099,16100,16101,16102,16103,16104,16105,16106,16107,16108,16109,16110,16111,16112,16113,16114,16115,16116,16117,16118,16119,16120
1161,16121,16124,16133,16134,16135,16140,16141,16143,16145,16152,16162,16164,16169,16171,16173,16174,16177,16178,16181
1162,16183,16186,16189,16196
1163,16197,16202,16203,16208,16209
1164,16213
1165,16214
1166,16215,16218
1167,16219,16220,16221,16223,16225,16227,16229,16230,16231,16233,16234,16235,16236,16237,16238,16239,16240,16241
1168,16242
1169,16265,16266,16267,16269,16270,16272,16275,16276,16278,16279,16283,16284,16287,16288,16289,16290,16292,16294,16295,16299,16304,16308,16310,16313,16317,16318,16319,16321,16324,16326
1170,16327,16335
1171,16341,16342,16343,16344,16345,16347,16348,16349,16350,16351,16352,16353,16355,16356
1172,16357
1173,16358
1174,16359,16362
1175,16363,16364,16369,16371,16375,16382,16384
1176,16386,16387,16389,16391,16393,16394,16395,16397,16398,16399,16400,16401,16402,16403,16406,16407
1177,16409,16412,16423,16424,16425,16426,16427,16431,16432,16436,16439,16441,16450,16457,16459,16460,16467
1178,16471,16473,16481,16482
1179,16485,16486,16488,16490,16491,16492,16493,16494,16495,16496,16499,16500
1180,16501
1181,16502
1182,16503,16504,16505,16506
1183,16507,16508,16509,16511,16512,16513,16514,16515,16516,16517,16518,16519,16520,16522,16523,16524,16525,16526,16527,16528,16529
1184,16530,16531,16532,16533,16534,16535,16536,16537,16538,16539,16540,16542,16543,16545,16546,16547,16548,16549,16551
1185,16553,16554,16555,16556,16557,16558,16559,16560,16561,16562,16563,16566,16567,16568,16569,16570,16571,16572,16573,16574,16575,16576,16577,16578,16579,16580,16581,16583,16584,16585,16586,16587,16588,16589,16590,16591,16592,16593,16594,16596,16597,16600,16601,16602,16603,16604,16605,16606,16607,16608,16609,16611,16612,16613,16614
1186,16615,16616,16618,16620,16622,16623,16625,16627
1187,16629,16634,16642,16643
1188,16645
1189,16646
1190,16647,16648,16649
1191,16651,16652,16653,16656,16657,16658,16659,16661,16666,16668,16670
1192,16674,16679,16681,16686,16687,16692
1193,16697,16698,16699,16700,16701,16702,16704,16705,16706,16707,16708,16709,16710,16711,16713,16714,16715,16716,16717,16718,16719,16725,16728,16733,16734,16735,16736,16737,16738,16739,16740,16741,16742,16746,16747,16748,16750,16751,16752,16753,16754,16755,16756,16757
1194,16759,16760,16761,16762,16763,16764,16766,16767,16768,16769,16770,16772
1195,16773,16774,16775,16777,16778,16779,16782,16783,16784,16785,16786,16787,16788
1196,16789
1197,16790
1198,16791,16793,16794
1199,16795,16796,16797,16798,16799,16803,16804,16805,16807,16808,16809,16811,16813,16814,16815,16816,16817
1200,16818,16819,16820,16821,16822,16823,16827,16828,16829,16830,16831,16832,16833,16834,16835,16836,16837,16839,16840
1201,16841,16844,16847,16852,16858,16860,16864,16866,16869,16871,16875,16876,16877,16882,16886,16887,16891
1202,16903,16904,16905,16906,16907,16909,16910,16912,16913,16914,16915,16916
1203,16917,16923,16925
1204,16933
1205,16934
1206,16935,16937,16938
1207,16939,16941,16943,16945,16949,16950,16951,16952,16955,16956,16958,16959,16961
1208,16962,16963,16964,16965,16966,16968,16973,16974,16976,16980,16984
1209,16985,16986,16988,16989,16990,16998,17000,17001,17002,17007,17009,17011,17014,17015,17020,17021,17023,17026,17028,17029,17032,17033,17035,17037,17038,17039,17041,17042,17044
1210,17047,17051,17052,17055,17056,17058
1211,17061,17062,17063,17064,17065,17067,17068,17069,17070,17072,17073
1212,17077
1213,17078
1214,17079,17080,17081,17082
1215,17083,17085,17088,17089,17090,17091,17092,17095,17096,17097,17099,17100,17101,17102,17103,17104,17105
1216,17106,17107,17108,17109,17110,17111,17112,17114,17115,17116,17117,17118,17119,17120,17121,17122,17123,17124,17126,17128
1217,17129,17130,17132,17133,17135,17138,17141,17142,17144,17146,17147,17149,17156,17159,17161,17163,17164,17165,17167,17168,17171,17172,17173,17174,17176,17177,17178,17180,17181,17182,17183,17185,17186,17189
1218,17191,17195,17202,17203
1219,17205,17216,17220
1220,17221
1221,17222
1222,17223,17224,17225,17226
1223,17227,17229,17233,17235,17237,17238,17239,17242,17243,17246,17248,17249
1224,17250,17251,17252,17253,17254,17255,17256,17257,17258,17259,17260,17261,17262,17263,17264,17265,17266,17267,17268,17269,17270,17271,17272
1225,17273,17279,17280,17282,17288,17293,17294,17295,17301,17302,17303,17304,17311,17313,17315,17318,17323,17325,17326,17329,17331,17332,17333,17334
1226,17335,17336,17337,17339,17340,17341,17342,17343,17344,17345,17346,17347
1227,17349,17355,17359,17362
1228,17365
1229,17366
1230,17367,17368,17369,17370
1231,17371,17375,17382,17384,17386,17388,17391,17392
1232,17394,17395,17396,17397,17398,17399,17400,17402,17403,17404,17405,17406,17409,17410,17411,17412,17413,17414,17415,17416
1233,17417,17418,17419,17420,17422,17423,17424,17425,17426,17427,17428,17429,17430,17431,17434,17435,17436,17437,17438,17439,17440,17441,17442,17444,17445,17446,17447,17449,17450,17452,17453,17454,17456,17458,17459,17460,17464,17465,17466,17468,17469,17473,17474,17475,17476,17477
1234,17479,17480,17481,17483,17484,17487,17489,17491,17492
1235,17493,17494,17495,17497,17498,17499,17501,17502,17503,17504,17505,17506,17508
1236,17509
1237,17510
1238,17511,17512,17513,17514
1239,17515,17516,17517,17519,17522,17526,17527,17532,17533,17535
1240,17538,17542,17554,17556
1241,17561,17562,17563,17564,17565,17566,17567,17569,17571,17572,17573,17574,17577,17578,17579,17581,17582,17583,17584,17587,17588,17589,17590,17592,17594,17595,17596,17598,17599,17601,17602,17603,17607,17608,17610,17612,17613,17614,17615,17616,17619,17620,17621,17622
1242,17623,17629,17632
1243,17637,17638,17639,17640,17641,17642,17643,17644,17645,17646,17650,17651,17652
1244,17653
1245,17654
1246,17655,17657
1247,17659,17660,17661,17663,17664,17665,17666,17667,17668,17669,17670,17671,17672,17673,17674,17675,17676,17677,17678,17679,17680,17681
1248,17682,17684,17686,17687,17688,17689,17691,17693,17695,17697,17698,17703,17704
1249,17705,17707,17708,17709,17710,17711,17712,17714,17715,17716,17718,17719,17720,17722,17723,17725,17726,17728,17729,17730,17731,17732,17735,17736,17737,17738,17739,17740,17741,17742,17743,17745,17747,17748,17749,17751,17752,17753,17754,17755,17756,17759,17760,17761,17762,17763,17765,17766
1250,17767,17770,17772,17774,17775,17776,17778,17779
1251,17781,17796
1252,17797
1253,17798
1254,17799,17801
1255,17803,17804,17807,17808,17810,17812,17814,17815,17819,17820,17821,17822,17825
1256,17826,17827,17828,17829,17831,17834,17837,17841,17843,17844,17846
1257,17849,17850,17851,17853,17855,17856,17857,17858,17859,17860,17861,17862,17863,17864,17865,17866,17867,17868,17869,17870,17873,17874,17875,17876,17877,17878,17879,17880,17882,17883,17885,17886,17887,17888,17889,17890,17891,17892,17893,17894,17895,17897,17898,17899,17900,17901,17902,17903,17904,17905,17906,17907,17908,17909,17910
1258,17911,17913,17922
1259,17925,17937,17939,17940
1260,17941
1261,17942
1262,17943,17944
1263,17947,17948,17952,17961
1264,17970,17972,17973,17974,17975,17976,17977,17978,17979,17980,17982,17983,17984,17985,17987,17989,17990,17992
1265,17993,17995,17996,17997,17998,17999,18000,18001,18004,18005,18008,18009,18010,18011,18014,18015,18019,18020,18022,18025,18026,18027,18028,18029,18030,18032,18034,18035,18037,18038,18039,18041,18044,18045,18046,18047,18049,18050,18051,18052,18053,18054
1266,18055,18056,18058,18060,18063,18067,18068
1267,18069,18070,18071,18072,18073,18074,18075,18076,18077,18078,18079,18080,18081,18082,18083
1268,18085
1269,18086
1270,18087,18088,18089,18090
1271,18091,18093,18094,18096,18099,18101,18104,18107,18110
1272,18114,18118,18119,18128,18135,18136
1273,18137,18138,18139,18142,18143,18144,18146,18147,18148,18149,18150,18151,18153,18154,18155,18158,18159,18160,18161,18162,18163,18164,18166,18170,18172,18173,18174,18175,18176,18177,18178,18179,18180,18181,18182,18184,18186,18187,18188,18191,18192,18194,18195,18198
1274,18199,18202,18203,18205,18206,18207,18208,18210,18212
1275,18213,18215,18217,18218,18219,18220,18221,18223,18224,18228
