256,1
257,2
258,3,4,5,6
259,7
260,8
261,9
262,10,11,12,13
263,14,15,16,17,18,19,20,21,22,23
264,24,28,31
265,34,35,36,37,38,39,40,41,43,44,45,46,48,51,52,53,54,55,56,57,58,59,61,63,65,67,68
266,71,72,74
267,75,77,78,79,84
268,85
269,86
270,87,88,89
271,91,93,94,99,110
272,114,115,117,118,119,120,121,122,123,124,125,126,127,128,129,130,131,132,134,135,136
273,137,138,139,140,141,143,144,145,146,147,148,149,150,151,152,153,154,155,156,157,158,159,160,162,163,164,165,166,167,168,169,170,171,172,173,174,175,176,177,178,179,181,182,183,185,187,190,192,193,194,195,196,198
274,199,202,203,205,208
275,213,219,221,222,224,226,227,228
276,229
277,230
278,231,233
279,235,236,237,238,239,240,241,242,244,245,246,247,248,249,250,251,252,254,255,256,257
280,258,259,262,264,265,267,269,275,276,280
281,281,282,283,284,285,287,288,289,291,293,294,295,296,297,298,299,300,301,303,304,306,307,309,310,311,312,313,314,318,319,320,321,323,325,327,330,332,333,334,335,336,337,338,339,340,341,342
282,343,350,354
283,357,358,361,367
284,373
285,374
286,375
287,379,380,381,382,383,384,390,391,392,393,395,399
288,402,404,406,410,411,412,415,416,418,421
289,425,427,431,432,433,434,435,438,439,441,443,444,445,447,449,450,453,454,455,456,459,460,461,464,465,466,467,468,470,473,475,476,478,480,481,482,483,484
290,487,488,489,490,493,494,495,496,497,500
291,501,502,504,505,508,509,511,512,513,514,515,516
292,517
293,518
294,519,520,521,522
295,523,524,537
296,546,551,564,565
297,569,570,571,572,573,574,575,576,577,578,579,580,581,582,583,584,585,586,587,588,589,590,591,592,593,594,595,596,597,598,599,601,603,604,605,606,607,608,609,610,611,613,614,615,616,617,618,619,620,621,622,623,624,625,626,627,628,629,630
298,631,632,633,634,635,636,640,642,644
299,645,646,647,648,649,650,651,652,653,654,655,656,657,658,659,660
300,661
301,662
302,663,664,665,666
303,667,668,669,672,673,674,676,678,679,680,682,684,685,686,687
304,690,692,693,694,695,696,699,700,701,702,703,704,706,710,712
305,713,718,723,731,739,743,745,752,769
306,775,778,779,785
307,789,790,793,794,797,799,802,803,804
308,805
309,806
310,807,808,809,810
311,811,815,822,831
312,834,835,836,838,839,840,841,843,844,846,847,850,852,853,854,855,856
313,857,858,859,860,861,862,863,864,865,866,867,868,869,870,871,872,873,874,875,876,877,878,879,880,881,882,884,885,886,887,888,889,890,891,892,893,894,896,897,898,899,900,901,902,903,904,905,906,907,908,909,910,911,912,913,914,915,916,917,918
314,919,920,922,932
315,933,939,944
316,949
317,950
318,951,952,954
319,955,960,963,968
320,978,979,980,981,982,983,984,987,989,990,991,992,993,994,996,997,998,999,1000
321,1001,1002,1003,1004,1005,1007,1008,1009,1010,1011,1012,1013,1014,1015,1016,1017,1019,1020,1021,1023,1024,1025,1027,1028,1029,1030,1031,1033,1035,1036,1038,1039,1040,1041,1043,1044,1045,1047,1048,1049,1050,1051,1052,1053,1054,1056,1057,1058,1059,1060,1061,1062
322,1063,1072,1073
323,1077,1080,1082,1083,1086,1089,1091
324,1093
325,1094
326,1095,1097
327,1099,1100,1101,1102,1103,1104,1105,1106,1108,1109,1110,1111,1112,1113,1114,1115,1116,1118,1119,1120,1121
328,1122,1124,1128,1130,1131,1132,1133,1134,1138,1141
329,1145,1146,1147,1148,1149,1150,1151,1152,1153,1154,1155,1156,1157,1158,1159,1160,1161,1162,1163,1164,1165,1166,1167,1168,1169,1170,1171,1172,1173,1174,1175,1176,1177,1178,1179,1180,1181,1182,1183,1184,1185,1186,1187,1188,1189,1191,1192,1193,1194,1195,1196,1197,1198,1199,1200,1201,1202,1203,1204,1205,1206
330,1207,1208,1209,1210,1211,1212,1213,1214,1215,1216,1217,1219,1220
331,1221,1224,1229,1230,1233,1234
332,1237
333,1238
334,1239,1240,1241,1242
335,1243,1245,1246,1251,1252,1253,1255,1256,1261,1262,1263,1265
336,1266,1267,1268,1270,1271,1273,1275,1276,1278,1280,1281,1282,1283,1285,1287
337,1289,1290,1291,1301,1307,1309,1310,1311,1312,1313,1320,1323,1328,1329,1331,1338,1341,1344,1347,1348,1349,1350
338,1351,1352,1353,1354,1355,1356,1357,1358,1359,1360,1361,1362,1363,1364
339,1365,1369,1370,1372,1374,1375,1376,1377,1378,1379,1380
340,1381
341,1382
342,1383,1384,1385,1386
343,1387,1400,1402,1405,1407,1408
344,1410,1411,1412,1413,1414,1415,1416,1417,1418,1419,1420,1421,1422,1423,1424,1425,1426,1427,1428,1429,1430,1431
345,1433,1434,1435,1436,1437,1438,1439,1440,1441,1442,1443,1444,1445,1447,1448,1449,1450,1451,1452,1453,1454,1455,1456,1457,1458,1460,1461,1463,1464,1465,1466,1467,1468,1469,1470,1471,1472,1473,1474,1475,1476,1477,1478,1479,1480,1482,1484,1485,1486,1487,1488,1489,1490,1491,1492,1493
346,1495,1498,1501,1502,1503,1504,1505,1506,1508
347,1509,1510,1511,1512,1513,1514,1515,1516,1517,1518,1519,1520,1521,1522,1523,1524
348,1525
349,1526
350,1527,1528,1529,1530
351,1531,1539,1541,1545
352,1554,1556,1560,1561,1562,1565,1566,1567
353,1577,1582,1585,1590,1591,1592,1594,1595,1601,1607,1614,1619,1621,1631,1634,1635
354,1639,1640,1643
355,1653,1654,1655,1656,1657,1658,1659,1660,1661,1662,1663,1664,1665,1666,1667,1668
356,1669
357,1670
358,1671,1674
359,1675,1676,1682,1697
360,1698,1699,1700,1701,1702,1703,1706,1707,1708,1709,1710,1712,1713,1714,1715,1716,1717,1718,1719,1720
361,1721,1722,1723,1724,1725,1726,1727,1728,1729,1730,1731,1732,1733,1734,1735,1736,1737,1738,1739,1740,1741,1742,1743,1744,1745,1746,1747,1748,1749,1750,1751,1752,1753,1755,1756,1757,1758,1759,1760,1761,1762,1763,1764,1765,1766,1769,1771,1772,1773,1774,1776,1777,1778,1779,1780,1781,1782
362,1783,1788,1794,1795,1796
363,1797,1798,1799,1801,1802,1803,1804,1805,1806,1807,1808,1809,1810,1811,1812
364,1813
365,1814
366,1815,1816,1817,1818
367,1819,1820,1822,1823,1825,1828,1834,1835,1836,1837,1838,1840,1841
368,1842,1846,1856,1861
369,1865,1866,1868,1870,1872,1873,1876,1877,1878,1879,1880,1882,1884,1887,1888,1890,1891,1895,1896,1898,1899,1900,1902,1903,1905,1909,1910,1911,1912,1913,1915,1916,1917,1918,1920,1921,1924,1925
370,1927,1928,1938
371,1941,1942,1943,1945,1946,1947,1949,1950,1952,1953,1954,1955
372,1957
373,1958
374,1959,1960,1961
375,1963,1964,1965,1966,1967,1971,1973,1974,1975,1979,1980,1983,1984,1985
376,1986,1991,2005
377,2009,2018,2024,2032,2033,2039,2046,2055,2057,2064,2066,2070
378,2071,2072,2073,2074,2075,2076,2077,2078,2079,2080,2081,2082,2083
379,2085,2086,2093,2094,2100
380,2101
381,2102
382,2103,2104,2105,2106
383,2107,2111,2116,2117,2122
384,2130,2131,2132,2133,2135,2136,2137,2139,2142,2145,2146,2147,2148,2150,2152
385,2153,2155,2156,2158,2161,2163,2165,2171,2173,2183,2184,2185,2189,2192,2196,2197,2200,2201,2210
386,2215,2218,2225
387,2229,2230,2231,2232,2233,2234,2235,2236,2238,2239,2241,2242,2243
388,2245
389,2246
390,2247,2248,2249,2250
391,2251,2253,2254,2255,2256,2257,2258,2259,2260,2261,2262,2264,2265,2266,2267,2268,2269,2270,2271,2272,2273
392,2274,2275,2276,2277,2278,2279,2280,2281,2282,2283,2284,2285,2286,2287,2288,2289,2290,2291,2292,2293,2294,2295,2296
393,2297,2298,2299,2300,2301,2302,2303,2304,2305,2306,2307,2308,2309,2310,2311,2312,2313,2314,2315,2316,2317,2318,2319,2320,2321,2322,2323,2324,2325,2326,2327,2328,2329,2330,2331,2332,2333,2334,2335,2336,2337,2338,2339,2340,2341,2342,2344,2345,2346,2347,2348,2349,2350,2351,2352,2353,2354,2355,2356,2358
394,2359,2361,2362,2363,2364,2366,2367,2369,2371,2372
395,2373,2378,2379
396,2389
397,2390
398,2391,2394
399,2395,2413
400,2418,2419,2420,2421,2422,2423,2425,2426,2427,2428,2429,2430,2431,2432,2433,2434,2435,2436,2437,2438,2439,2440
401,2441,2444,2446,2452,2454,2457,2458,2459,2460,2467,2468,2469,2470,2476,2478,2485,2487,2493,2494,2495,2497,2498,2501
402,2503,2513,2515
403,2517,2518,2519,2521,2522,2532
404,2533
405,2534
406,2535
407,2539,2540,2541,2542,2544,2549,2550,2554,2555,2557,2558,2559,2560,2561
408,2562,2565,2567,2568,2569,2570,2571,2577,2578,2579,2580,2582,2583,2584
409,2585,2586,2587,2589,2590,2591,2592,2594,2595,2597,2598,2599,2600,2601,2602,2603,2604,2605,2606,2607,2608,2609,2610,2611,2612,2613,2614,2615,2616,2617,2618,2619,2621,2622,2623,2624,2625,2626,2627,2628,2629,2631,2632,2633,2634,2636,2637,2638,2639,2640,2641,2642,2643,2644,2646
410,2647
411,2661,2662,2669,2670,2672
412,2677
413,2678
414,2679,2680,2681,2682
415,2683,2688,2689,2698,2699,2702,2703,2704
416,2706,2708,2710,2711,2715,2716,2717,2718,2719,2720,2723,2724,2728
417,2729,2730,2731,2733,2738,2739,2744,2745,2746,2747,2748,2749,2751,2754,2755,2756,2761,2765,2766,2767,2768,2769,2770,2773,2774,2775,2776,2779,2780,2782,2783,2784,2785,2786,2787,2788
418,2791,2792
419,2805,2806,2808,2809,2810,2811,2812,2813,2815,2816,2817,2819,2820
420,2821
421,2822
422,2823,2825,2826
423,2827,2828,2829,2830,2834,2838,2840,2841,2843
424,2850,2860,2865,2866,2868
425,2873,2874,2875,2876,2877,2878,2880,2887,2888,2890,2892,2893,2895,2901,2902,2907,2908,2909,2915,2917,2918,2919,2921,2922,2926,2928,2929,2932,2933
426,2935,2940,2941,2942,2943,2946,2947,2948
427,2949,2950,2959
428,2965
429,2966
430,2967
431,2971,2974,2979,2980,2981,2982,2985,2991
432,2994,2995,2996,2997,2998,2999,3000,3002,3003,3005,3006,3008,3009,3010,3011,3012,3014,3015,3016
433,3017,3018,3019,3020,3021,3022,3023,3024,3025,3028,3029,3030,3031,3032,3033,3034,3035,3036,3037,3038,3039,3040,3041,3042,3043,3044,3045,3046,3047,3048,3049,3050,3051,3052,3053,3054,3055,3056,3057,3058,3059,3060,3061,3062,3063,3064,3065,3066,3067,3068,3069,3070,3071,3073,3074,3076,3077,3078
434,3079,3080,3082,3083,3084,3085,3087,3088,3089,3090,3091
435,3093,3097,3098,3102,3103,3106,3107,3108
436,3109
437,3110
438,3111,3112
439,3115,3120,3130,3131
440,3138,3139,3144,3145,3147,3148,3155,3156
441,3161,3173,3193,3195,3199,3200,3203,3206,3220
442,3223,3224,3225,3226,3227,3228,3229,3230,3231,3232,3233,3234,3235,3236
443,3237,3242
444,3253
445,3254
446,3255,3256,3257,3258
447,3259,3260,3262,3265,3266,3268,3270,3271,3272,3273,3274,3276,3277,3278,3281
448,3282,3284,3285,3286,3287,3288,3289,3290,3291,3292,3293,3294,3295,3299,3300,3303,3304
449,3305,3314,3319,3349,3360
450,3367,3368,3369,3370,3371,3372,3373,3374,3375,3376,3377,3378,3379,3380
451,3381,3382,3383,3384,3385,3386,3388,3389,3390,3391,3392,3393,3394,3395,3396
452,3397
453,3398
454,3399,3400,3401,3402
455,3403,3407,3408,3409,3415,3417,3420,3423,3425
456,3426,3430,3431,3434,3436,3439,3442,3443,3444
457,3449,3450,3451,3452,3453,3454,3455,3456,3457,3458,3459,3463,3464,3465,3466,3468,3469,3470,3472,3473,3474,3475,3476,3477,3478,3480,3481,3482,3484,3485,3486,3487,3489,3490,3491,3493,3494,3495,3496,3498,3499,3500,3501,3502,3503,3504,3505,3506,3508,3509
458,3511,3514,3521
459,3525,3526,3528,3529,3530,3531,3533,3535,3536,3537,3538,3539,3540
460,3541
461,3542
462,3543,3544,3546
463,3547,3549,3550,3551,3552,3553,3554,3555,3557,3558,3559,3560,3561,3562,3563,3564,3565,3567,3568,3569
464,3570,3574,3577,3584,3589
465,3593,3600,3604,3609,3614,3625,3630,3634,3640,3649,3650
466,3655,3656,3659,3660,3662,3663,3666,3667
467,3669,3670,3671,3672,3673,3675,3676,3677,3678,3679,3680,3683,3684
468,3685
469,3686
470,3687,3689
471,3691,3692,3695,3698,3701,3705,3706,3708,3709
472,3714,3715,3716,3717,3720,3722,3723,3725,3727,3728,3729,3730,3732,3733,3734,3735,3736
473,3737,3739,3742,3743,3744,3746,3747,3748,3753,3754,3755,3757,3758,3760,3761,3762,3766,3767,3768,3769,3770,3771,3772,3773,3774,3775,3777,3780,3781,3782,3783,3785,3787,3788,3789,3791,3792,3793,3794,3795,3797,3798
474,3799,3800,3802,3803,3805,3806,3807,3808,3809,3810,3811,3812
475,3813,3814,3815,3816,3817,3818,3819,3821,3822,3823,3824,3825,3827,3828
476,3829
477,3830
478,3831,3834
479,3835,3836,3850,3851,3855
480,3858,3859,3860,3862,3863,3866,3867,3869,3870,3871,3872,3873,3874,3876,3877,3878,3879,3880
481,3881,3882,3883,3884,3885,3887,3889,3890,3891,3893,3895,3896,3897,3898,3899,3900,3902,3904,3906,3907,3909,3910,3911,3912,3913,3915,3916,3917,3918,3919,3920,3922,3924,3925,3926,3928,3929,3930,3931,3932,3933,3935,3936,3938,3939,3940,3941,3942
482,3943,3946,3947,3949,3950,3951,3953,3954,3956
483,3957,3959,3960,3961,3962,3963,3964,3967,3968,3969,3971,3972
484,3973
485,3974
486,3975
487,3979,3986,3990,3993,3995,3998,3999,4001
488,4002,4006,4007,4008,4009,4011,4013,4014,4016,4017,4018,4020,4021,4023,4024
489,4025,4041,4046,4057,4059,4063,4075
490,4087,4088,4090,4091,4094,4098
491,4101,4105,4108,4110,4111,4112
492,4117
493,4118
494,4119,4120,4121,4122
495,4123,4124,4137
496,4146,4162
497,4169,4170,4172,4174,4176,4178,4184,4189,4190,4194,4196,4201,4206,4209,4211,4215,4216,4218,4221,4222,4224,4225,4226,4228
498,4231,4232,4234,4235,4236,4238,4239,4241,4244
499,4245,4246,4247,4248,4249,4250,4251,4252,4253,4254,4255,4256,4257,4258,4260
500,4261
501,4262
502,4263,4265,4266
503,4267,4268,4275,4280,4282,4287,4288
504,4290,4298,4300,4302,4307,4308,4311,4312
505,4313,4314,4315,4318,4320,4321,4324,4325,4327,4329,4332,4334,4336,4337,4338,4340,4344,4347,4348,4349,4350,4352,4354,4356,4358,4359,4360,4362,4363,4364,4370,4371
506,4375,4377,4382,4386,4388
507,4389,4390,4391,4392,4393,4394,4395,4396,4397,4398,4399,4400,4401,4402,4403,4404
508,4405
509,4406
510,4407,4408,4409,4410
511,4411,4412,4413,4414,4415,4419,4420,4421,4423,4424,4426,4429,4430,4431,4432,4433
512,4434,4435,4436,4437,4439,4442,4443,4444,4445,4446,4449,4451,4454,4455,4456
513,4457,4460,4468,4472,4485,4486,4513
514,4519,4520,4522,4526,4531
515,4533,4535,4539,4546
516,4549
517,4550
518,4551,4553
519,4555,4556,4559,4561,4563,4566,4567,4569,4572,4573,4576
520,4578,4579,4581,4582,4584,4585,4586,4587,4588,4590,4591,4592,4593,4594,4595,4596,4597,4599,4600
521,4601,4605,4610,4611,4612,4613,4615,4617,4621,4624,4627,4628,4632,4634,4636,4638,4639,4640,4641,4644,4649,4650,4652,4654,4655,4657
522,4663,4665,4667,4668,4669,4671,4673,4676
523,4677,4678,4684,4685,4686,4690,4691
524,4693
525,4694
526,4695,4696,4698
527,4699,4705,4710,4721
528,4722,4724,4725,4726,4727,4729,4730,4731,4735,4736,4738,4740,4741,4742,4744
529,4745,4750,4759,4766,4769,4770,4773,4778,4779,4780,4781,4785,4791
530,4807,4808,4809,4810,4811,4813,4814,4815,4817,4818,4819
531,4821,4822,4827,4833,4836
532,4837
533,4838
534,4839,4840,4841,4842
535,4843,4845,4847,4848,4854,4856,4857,4858,4861,4863
536,4866,4867,4869,4870,4873,4875,4877,4878,4880,4882,4884,4887
537,4889,4890,4892,4895,4897,4899,4900,4901,4905,4906,4908,4910,4913,4914,4915,4916,4917,4918,4919,4920,4922,4923,4924,4925,4926,4927,4928,4929,4930,4931,4932,4933,4934,4936,4938,4939,4940,4941,4943,4944,4945,4947,4948,4949
538,4951,4953,4956,4957,4958,4959,4960,4961,4962
539,4965,4966,4972,4974
540,4981
541,4982
542,4983,4985,4986
543,4987,4988,4989,4990,4991,4992,4993,4994,4995,4996,4997,4998,4999,5000,5001,5002,5003,5004,5005,5006,5007,5008,5009
544,5010,5011,5013,5014,5015,5016,5017,5019,5020,5021,5022,5023,5024,5027,5029,5030,5032
545,5033,5034,5035,5038,5039,5040,5047,5053,5054,5055,5056,5059,5060,5061,5064,5080,5082,5088,5089,5091
546,5095,5096,5097,5098,5099,5100,5101,5102,5105,5106,5107,5108
547,5109,5122
548,5125
549,5126
550,5127,5128,5129
551,5131,5132,5133,5134,5135,5136,5137,5138,5139,5140,5141,5142,5143,5144,5145,5146,5147,5148,5149,5150,5151,5152,5153
552,5154,5158,5159,5162,5163,5164,5165,5166,5167,5168,5169,5170,5174
553,5177,5179,5185,5189,5190,5192,5193,5194,5197,5200,5202,5203,5204,5205,5209,5210,5217,5219,5221,5225,5229,5230,5231,5232,5234,5236
554,5239,5244,5246,5247,5248,5250
555,5253,5258,5265,5267,5268
556,5269
557,5270
558,5271,5274
559,5275,5276,5277,5279,5280,5281,5283,5284,5285,5286,5287,5288,5291,5292,5293,5295,5297
560,5298,5299,5301,5302,5303,5305,5306,5307,5308,5309,5310,5311,5312,5313,5314,5315,5316,5317,5318,5319,5320
561,5321,5328,5330,5331,5335,5336,5339,5341,5343,5346,5349,5351,5358,5359,5360,5369,5375,5380
562,5383,5386,5387,5388,5389,5390,5391,5393,5395
563,5397,5398,5399,5400,5401,5404,5405,5407,5411
564,5413
565,5414
566,5415,5416,5417,5418
567,5419,5420,5422,5423,5424,5425,5426,5427,5428,5429,5430,5431,5432,5433,5434,5435,5436,5437,5438,5439,5440
568,5442,5448,5452,5455,5456,5457,5459,5463
569,5465,5466,5467,5468,5469,5470,5472,5474,5475,5477,5479,5480,5481,5482,5484,5485,5486,5488,5489,5490,5492,5493,5495,5496,5497,5498,5500,5501,5503,5504,5505,5506,5508,5509,5510,5512,5514,5515,5517,5518,5519,5520,5521,5523,5524,5526
570,5527,5528,5531,5533,5536,5538,5539,5540
571,5541,5548
572,5557
573,5558
574,5559,5560,5561
575,5563,5564,5566,5570,5574,5576,5578,5579,5580,5581,5582,5583
576,5586,5587,5588,5589,5590,5592,5593,5595,5596,5597,5598,5599,5600,5601,5602,5603,5604,5605,5606,5607,5608
577,5609,5610,5611,5612,5613,5614,5615,5616,5617,5618,5619,5620,5621,5622,5623,5624,5625,5626,5627,5628,5629,5630,5631,5632,5633,5634,5635,5636,5637,5638,5639,5640,5641,5642,5643,5644,5645,5646,5647,5648,5649,5650,5651,5652,5653,5654,5655,5656,5657,5658,5659,5660,5661,5662,5663,5664,5665,5666,5668,5669,5670
578,5671,5676,5677,5678,5683
579,5685,5686,5687,5688,5690,5700
580,5701
581,5702
582,5703,5705,5706
583,5707,5708,5710,5711,5712,5714,5716,5720,5721,5722,5723,5724,5725,5726,5728,5729
584,5730,5732,5734,5735,5736,5742,5750,5752
585,5753,5762,5767,5801
586,5815,5816,5817,5819,5820,5821,5823,5824,5825,5826,5827
587,5829,5834,5843
588,5845
589,5846
590,5847,5848,5849,5850
591,5851,5852,5853,5854,5855,5856,5857,5858,5859,5860,5861,5862,5863,5864,5865,5866,5867,5868,5869,5870,5871,5872,5873
592,5874,5876,5877,5878,5880,5883,5884,5886,5887,5888,5889,5890,5892,5893,5894,5896
593,5897,5899,5900,5901,5902,5904,5905,5906,5907,5908,5909,5910,5911,5913,5914,5915,5916,5918,5924,5925,5926,5929,5930,5932,5933,5937,5938,5939,5942,5943,5944,5945,5946,5947,5948,5949,5950,5951,5952,5953,5955,5956,5957,5958
594,5959,5960,5961,5962,5963,5964,5965,5966,5967,5970,5971,5972
595,5973,5974,5975,5976,5977,5978,5979,5980,5981,5982,5983,5984,5985,5986,5987,5988
596,5989
597,5990
598,5991,5992,5993,5994
599,5995,5996,5998,5999,6000,6001,6002,6003,6004,6005,6006,6007,6008,6009,6010,6011,6012,6013,6014,6015,6017
600,6018,6019,6020,6021,6022,6023,6024,6025,6027,6028,6030,6031,6032,6033,6034,6035,6036,6037,6038,6039,6040
601,6041,6046,6049,6050,6051,6054,6056,6057,6058,6059,6060,6061,6062,6063,6065,6066,6067,6068,6069,6071,6072,6075,6078,6085,6086,6087,6088,6089,6090,6091,6093,6095
602,6103,6104,6105,6106,6107,6108,6109,6110,6111,6112,6113,6114,6115,6116
603,6117,6119,6120,6121,6123,6124,6127,6129,6130,6131
604,6133
605,6134
606,6135,6136,6137,6138
607,6139,6140,6141,6142,6143,6146,6147,6148,6150,6151,6152,6153,6154,6157,6158,6161
608,6162,6163,6164,6165,6166,6167,6168,6169,6171,6172,6174,6176,6177,6178,6179,6180,6181,6182,6183,6184
609,6185,6186,6187,6188,6191,6192,6196,6197,6198,6199,6200,6201,6205,6207,6213,6214,6215,6216,6221,6222,6225,6229,6231,6232,6234,6235,6237,6244
610,6247,6250,6258,6260
611,6261,6267,6269,6272,6274,6276
612,6277
613,6278
614,6279,6280,6281,6282
615,6283,6285,6287,6288,6290,6293,6294,6297,6300,6301,6304
616,6306,6311,6314,6316,6318,6320,6323,6325,6326,6327
617,6329,6358
618,6391,6400
619,6405,6406,6407,6408,6409,6410,6411,6413,6414,6415,6417,6420
620,6421
621,6422
622,6423,6426
623,6427,6429,6430,6431,6433,6436,6437,6438,6439,6443,6444,6447,6449
624,6450,6451,6452,6454,6456,6457,6460,6462,6464,6465,6467,6469
625,6473,6479,6488,6493,6506,6511,6513,6520,6523,6524,6533
626,6535,6536,6538,6539,6540,6542,6543,6544,6545,6547,6548
627,6549,6553,6555,6556,6559,6561
628,6565
629,6566
630,6567,6568,6569,6570
631,6571,6581,6582,6586
632,6594,6597,6600,6604,6605,6610,6611,6612,6613,6614,6615
633,6617,6622,6623,6625,6627,6634,6638,6648,6656,6658,6659,6664,6665,6666,6668,6669
634,6679,6680,6681,6683,6685,6686,6687,6688,6689,6691,6692
635,6693,6695,6700,6706
636,6709
637,6710
638,6711,6713,6714
639,6715,6716,6717,6719,6720,6721,6722,6723,6724,6725,6726,6728,6729,6730,6731,6733,6734,6735,6736
640,6738,6740,6750,6753,6754,6755,6759
641,6761,6777,6794,6799
642,6823,6831,6835
643,6837,6838,6839,6840,6841,6842,6843,6844,6845,6846,6848,6849,6850,6851,6852
644,6853
645,6854
646,6855,6856,6857,6858
647,6859,6860,6861,6862,6863,6865,6866,6869,6870,6872,6873,6874,6875,6876,6877,6878,6879,6880,6881
648,6882,6883,6884,6885,6886,6887,6888,6889,6890,6891,6892,6893,6894,6895,6896,6897,6898,6899,6900,6901,6902,6903,6904
649,6905,6906,6907,6908,6909,6910,6911,6912,6913,6914,6915,6917,6918,6919,6920,6921,6922,6923,6924,6925,6926,6927,6928,6929,6930,6931,6932,6933,6934,6935,6936,6937,6938,6939,6940,6942,6943,6944,6945,6946,6947,6948,6949,6950,6951,6952,6953,6954,6955,6956,6957,6958,6959,6960,6961,6962,6963,6964,6965,6966
650,6967,6968,6971,6973,6974,6975,6977,6978,6980
651,6981,6983,6985,6987,6988,6989,6990,6992,6993,6994,6995,6996
652,6997
653,6998
654,6999,7002
655,7003,7007,7011,7012,7013,7014,7015,7016,7021,7025
656,7026,7028,7029,7031,7032,7036,7037,7038,7040,7041,7044,7045,7046
657,7049,7050,7051,7052,7053,7054,7055,7056,7057,7058,7059,7060,7061,7062,7063,7064,7065,7066,7067,7068,7069,7070,7071,7072,7073,7074,7075,7076,7077,7078,7079,7080,7081,7082,7083,7084,7085,7086,7087,7088,7089,7090,7091,7092,7093,7094,7095,7096,7097,7098,7099,7100,7101,7102,7103,7104,7105,7106,7107,7108,7109,7110
658,7111,7112,7113,7115,7119,7120
659,7125,7128,7131,7132,7134,7135
660,7141
661,7142
662,7143,7145,7146
663,7147,7148,7149,7150,7153,7155,7157,7159,7161,7163,7164,7167,7168
664,7170,7171,7174,7176,7181,7185,7190,7191
665,7193,7197,7198,7202,7204,7205,7206,7207,7208,7209,7210,7213,7214,7219,7221,7222,7227,7228,7229,7230,7231,7232,7238,7240,7241,7243,7244,7245,7250,7252
666,7255,7257,7261,7267,7268
667,7269,7270,7272,7273,7284
668,7285
669,7286
670,7287,7288,7289,7290
671,7291,7303,7308,7309,7311,7313
672,7314,7331
673,7337,7339,7341,7342,7343,7345,7346,7347,7349,7350,7355,7361,7364,7367,7369,7370,7375,7376,7383,7387,7388,7393,7394,7397
674,7399,7401,7404,7405,7407,7408,7409,7410,7412
675,7413,7414,7416,7417,7421,7424,7425,7427,7428
676,7429
677,7430
678,7431,7434
679,7435,7455
680,7458,7459,7460,7461,7462,7463,7464,7465,7466,7467,7468,7469,7470,7471,7473,7474,7476,7477,7479,7480
681,7481,7483,7493,7495,7500,7501,7503,7508,7513,7516,7519,7520,7523,7526,7527,7529,7532,7534,7536,7538
682,7543,7544,7545,7546,7547,7548,7550,7552,7553,7554,7556
683,7557,7558,7560,7562,7565,7566,7567,7569,7571,7572
684,7573
685,7574
686,7575,7577
687,7579,7580,7581,7582,7583,7584,7585,7586,7588,7589,7590,7591,7592,7593,7595,7596,7599,7601
688,7602,7603,7608,7613,7614,7621,7622
689,7625,7632,7633,7637,7640,7643,7653,7654,7655,7657,7660,7669,7673,7675,7677,7680,7682
690,7687,7688,7690,7691,7692,7693,7694,7695,7696,7697,7698,7699,7700
691,7701,7703,7704,7705,7706,7709,7710,7711,7712,7713,7714,7715,7716
692,7717
693,7718
694,7719,7720,7721,7722
695,7723,7724,7725,7726,7727,7728,7729,7731,7732,7733,7734,7735,7736,7737,7738,7739,7740,7741,7742,7743,7744,7745
696,7746,7747,7748,7749,7750,7752,7754,7755,7756,7760,7762,7766,7768
697,7769,7770,7773,7776,7778,7780,7781,7783,7785,7786,7787,7788,7789,7790,7791,7792,7793,7796,7797,7798,7799,7800,7801,7803,7806,7807,7808,7812,7813,7814,7815,7816,7817,7818,7819,7821,7822,7823,7824,7825,7826,7828,7830
698,7831,7833,7836,7838,7839,7842,7843
699,7845,7846,7847,7850,7853,7855,7856
700,7861
701,7862
702,7863,7865,7866
703,7867,7869,7870,7872,7874,7877,7878,7881,7883,7885,7886,7887
704,7890,7891,7893,7894,7895,7902,7903,7904,7905,7906,7907,7908,7909,7910,7911
705,7913,7914,7923,7928,7933,7937,7947,7948,7952,7953,7954,7955,7956,7970
706,7975,7978
707,7989,7995,7997
708,8005
709,8006
710,8007,8008,8009
711,8011,8012,8014,8015,8016,8017,8019,8020,8021,8022,8023,8024,8026,8027,8028,8029,8030,8031,8032,8033
712,8034,8036,8037,8038,8039,8040,8041,8042,8043,8044,8045,8046,8047,8048,8049,8050,8051,8053,8054,8055,8056
713,8057,8058,8059,8060,8061,8063,8065,8066,8068,8069,8070,8071,8072,8074,8075,8076,8077,8079,8080,8081,8082,8083,8084,8086,8087,8088,8089,8090,8091,8092,8093,8094,8095,8096,8097,8098,8099,8100,8101,8102,8103,8105,8106,8107,8108,8110,8111,8112,8113,8114,8115,8116,8117,8118
714,8119,8120,8121,8122,8123,8125,8127,8129,8130,8131,8132
715,8133,8135,8139,8140,8141,8142,8148
716,8149
717,8150
718,8151,8152,8154
719,8155,8157,8161,8163,8164,8166,8172
720,8178,8179,8181,8182,8184,8185,8186,8189,8190,8194,8197,8198,8200
721,8201,8203,8204,8205,8207,8209,8213,8220,8228,8229,8231,8233,8234,8237,8241,8242,8244,8245,8251,8255,8256,8257,8260,8262
722,8263,8264,8266,8270,8272,8274,8275
723,8277,8284
724,8293
725,8294
726,8295,8296,8297,8298
727,8299,8300,8301,8307,8312
728,8322,8324,8327,8328,8329,8330,8333,8334,8335,8338,8339,8341,8343,8344
729,8345,8358,8363,8364,8367,8369,8371,8375,8377,8378,8380,8382,8386,8390,8391,8392,8393,8394,8396,8397,8398,8399,8404,8405
730,8407,8409,8410,8411,8417,8420
731,8421,8422,8423,8425,8426,8427,8428,8429,8430,8431,8432,8433,8434,8435,8436
732,8437
733,8438
734,8439,8442
735,8443,8444,8445,8446,8448,8449,8450,8451,8454,8455,8456,8457,8458,8460,8462,8463,8464,8465
736,8466,8467,8468,8469,8470,8472,8473,8474,8475,8476,8477,8480,8481,8482,8484,8485,8486
737,8489,8491,8492,8493,8494,8496,8498,8501,8503,8505,8506,8507,8509,8510,8511,8513,8514,8515,8517,8518,8520,8523,8524,8525,8526,8528,8529,8530,8531,8533,8534,8535,8536,8537,8538,8539,8540,8541,8544,8545,8546,8547,8548,8550
738,8551,8552,8553,8554,8555,8556,8557,8558,8559,8560,8561,8562,8563,8564
739,8565,8566,8568,8576
740,8581
741,8582
742,8583,8586
743,8587,8588,8589,8590,8592,8593,8594,8595,8597,8598,8599,8600,8602,8603,8604,8605,8606,8607,8608,8609
744,8610,8621
745,8633,8634,8635,8637,8638,8639,8640,8641,8642,8643,8644,8645,8646,8647,8648,8649,8650,8651,8652,8653,8654,8655,8656,8657,8658,8659,8660,8661,8662,8663,8664,8665,8666,8667,8668,8669,8670,8671,8672,8673,8674,8676,8677,8678,8679,8680,8681,8682,8683,8684,8685,8686,8688,8689,8690,8691,8692,8693,8694
746,8695,8696,8702,8703,8704,8705,8706,8707,8708
747,8709,8714,8716,8719,8724
748,8725
749,8726
750,8727,8728,8729,8730
751,8731,8743
752,8754,8755,8756,8757,8758,8759,8760,8761,8762,8763,8764,8765,8766,8767,8768,8769,8770,8772,8773,8774,8775,8776
753,8777,8778,8779,8780,8781,8782,8783,8784,8785,8786,8787,8788,8789,8790,8791,8792,8793,8794,8795,8796,8797,8798,8799,8800,8802,8803,8804,8805,8806,8807,8808,8809,8810,8812,8813,8814,8815,8816,8817,8819,8820,8821,8822,8823,8824,8825,8826,8827,8828,8829,8830,8831,8832,8833,8834,8835,8836,8838
754,8839,8840,8841,8842,8844,8845,8847,8848,8849,8850,8851,8852
755,8853,8858,8859,8860,8861,8863,8865,8866
756,8869
757,8870
758,8871,8873,8874
759,8875,8876,8877,8878,8879,8880,8881,8882,8883,8884,8885,8886,8887,8888,8890,8891,8892,8893,8894,8895,8896,8897
760,8898,8899,8900,8901,8902,8903,8904,8905,8906,8907,8908,8909,8910,8911,8912,8913,8915,8916,8917,8918,8919,8920
761,8921,8922,8924,8927,8932,8933,8934,8936,8937,8938,8939,8943,8944,8945,8947,8949,8950,8951,8956,8958,8959,8961,8963,8966,8968,8969,8970,8975
762,8983,8984,8988,8990,8994
763,8997,9001,9002,9003,9004,9005,9007,9008,9009,9010,9012
764,9013
765,9014
766,9015,9017
767,9019,9020,9021,9027,9029,9031,9033,9034,9039,9041
768,9042,9045,9046,9047,9052,9053,9054,9055,9056,9063,9064
769,9065,9070,9075,9076,9077,9089,9095,9098,9106,9108,9111,9118,9119
770,9127,9129,9130,9131,9133,9134,9136,9138
771,9141,9142,9143,9146,9147,9148,9149,9150,9152,9154,9155,9156
772,9157
773,9158
774,9159,9160,9161,9162
775,9163,9164,9165,9169,9171,9173,9174,9175,9177,9178,9179,9180
776,9186,9187,9188,9189,9190,9191,9192,9193,9195,9196,9198,9200,9202,9203,9204,9205,9206,9208
777,9209,9215,9216,9224,9226,9229,9230,9233,9234,9237,9240,9241,9242,9243,9245,9247,9252,9262,9264,9265,9268
778,9271,9274,9279,9280
779,9285,9286,9287,9288,9289,9290,9291,9292,9293,9294,9295,9296,9297,9298,9300
780,9301
781,9302
782,9303,9306
783,9307,9308,9313,9314,9316,9317,9318,9319,9320,9322,9323,9325,9327,9329
784,9330,9331,9332,9333,9334,9335,9336,9337,9338,9339,9340,9341,9342,9343,9345,9346,9347,9348,9349,9350,9351,9352
785,9353,9356,9359,9362,9371,9378,9384,9389,9390,9392,9395,9396,9398,9402,9403,9405,9406,9408,9411,9413
786,9415,9416,9417,9418,9419,9425,9426
787,9429,9431,9432,9441,9443
788,9445
789,9446
790,9447,9448,9449
791,9451,9456,9472
792,9474,9475,9476,9477,9478,9479,9480,9481,9483,9484,9485,9486,9487,9488,9489,9490,9491,9492,9493,9494,9495,9496
793,9497,9502,9504,9513,9522,9524,9531,9549,9550,9554,9555,9558
794,9559,9560,9561,9562,9563,9564,9565,9566,9567,9568,9569,9571
795,9573,9574,9575,9576,9577,9578,9580,9581,9582,9583,9584,9585,9586,9588
796,9589
797,9590
798,9591,9592,9593,9594
799,9595,9596,9597,9598,9600,9601,9602,9603,9604,9605,9606,9607,9610,9611,9612,9613,9616,9617
800,9618,9619,9620,9625,9629,9636,9640
801,9641,9643,9646,9648,9649,9650,9652,9660,9662,9663,9665,9668,9669,9670,9677,9678,9679,9682,9689,9690,9692,9694,9695,9697,9698,9699,9700
802,9703,9711
803,9717,9718,9720,9721,9723,9724,9725,9727,9731
804,9733
805,9734
806,9735,9737,9738
807,9739,9740,9741,9742,9743,9744,9745,9746,9747,9748,9749,9750,9751,9752,9753,9754,9755,9756,9757,9758,9759,9760,9761
808,9762,9764,9765,9766,9768,9769,9770,9771,9772,9773,9774,9775,9776,9777,9779,9780,9782,9783,9784
809,9785,9786,9789,9794,9796,9797,9798,9799,9800,9801,9802,9804,9805,9807,9808,9810,9811,9812,9816,9817,9818,9822,9823,9825,9828,9829,9830,9831,9832,9833,9835,9836,9838,9840,9841,9842,9843,9844,9845
810,9847,9848,9851,9852,9854,9855,9856,9857,9860
811,9861,9862,9863,9864,9865,9866,9867,9868,9869,9870,9871,9872,9873,9874,9875,9876
812,9877
813,9878
814,9879,9882
815,9883,9886,9888,9889,9891,9892,9894,9895,9896,9897,9898,9900,9901,9904,9905
816,9906,9915,9916,9917,9921,9927
817,9929,9930,9933,9934,9935,9936,9937,9938,9940,9941,9942,9943,9944,9945,9946,9947,9948,9949,9952,9953,9956,9958,9963,9964,9965,9966,9967,9969,9970,9971,9972,9973,9974,9975,9976,9977,9980,9981,9982,9983,9984,9985,9986,9988
818,9991,9993,9994,9996,9998,10000,10004
819,10005,10010,10011,10012,10013,10019
820,10021
821,10022
822,10023,10024,10026
823,10027,10028,10029,10031,10032,10033,10036,10037,10038,10039,10042,10044,10045,10046
824,10050,10051,10054,10055,10058,10059,10061,10062,10063,10066,10067,10070,10071,10072
825,10073,10074,10075,10076,10077,10078,10079,10080,10081,10082,10083,10084,10085,10086,10087,10088,10090,10092,10093,10096,10097,10099,10100,10101,10103,10104,10105,10106,10107,10109,10110,10111,10112,10113,10115,10116,10117,10118,10119,10120,10121,10123,10124,10125,10126,10127,10128,10129,10130,10131,10132,10133,10134
826,10135,10138
827,10149,10151,10152,10153,10154,10155,10156,10164
828,10165
829,10166
830,10167,10168
831,10171,10172,10174,10176,10179,10180,10181,10182,10184,10185,10186,10188,10190,10191,10193
832,10194,10195,10198,10211,10213,10215
833,10217,10218,10219,10220,10221,10222,10223,10224,10225,10226,10227,10228,10230,10231,10233,10235,10236,10237,10239,10240,10241,10243,10244,10245,10246,10248,10249,10250,10251,10252,10253,10254,10255,10256,10257,10258,10259,10260,10261,10262,10263,10264,10265,10266,10267,10268,10269,10270,10271,10272,10275,10276,10277,10278
834,10279,10281,10287,10288,10291,10292
835,10293,10297
836,10309
837,10310
838,10311,10312,10313,10314
839,10315,10317,10320,10325,10328,10329,10336
840,10338,10342,10343,10344,10345,10346,10348,10349,10352,10353,10355,10356,10357,10359,10360
841,10361,10364,10368,10373,10377,10378,10379,10382,10393,10398,10400,10401,10408,10411,10414,10417
842,10423,10429,10432,10433,10434,10435,10436
843,10437,10438,10439,10440,10441,10442,10443,10444,10445,10446,10447,10448,10449,10450,10451,10452
844,10453
845,10454
846,10455,10456,10457
847,10459,10460,10462,10465,10467,10476
848,10482,10483,10484,10486,10487,10491,10493,10494,10495,10497,10499,10500,10501,10504
849,10505,10506,10508,10509,10511,10515,10516,10519,10520,10522,10523,10526,10527,10528,10529,10531,10532,10534,10535,10536,10539,10540,10541,10542,10543,10551,10559,10563,10564,10566
850,10567,10573
851,10581,10582,10583,10585,10586,10588,10589,10592,10593,10594,10595
852,10597
853,10598
854,10599,10600
855,10603,10605,10619,10622
856,10626,10627,10628,10629,10630,10633,10634,10635,10636,10637,10638,10639,10640,10642,10643,10644,10646,10647,10648
857,10649,10655,10669,10675,10676,10677,10682,10684,10686,10687,10690,10692,10693,10696,10704,10705,10710
858,10711,10712,10713,10715,10716,10717,10718,10720,10721,10722,10723
859,10725,10730,10731,10734,10737,10740
860,10741
861,10742
862,10743,10744,10746
863,10747,10749,10750,10752,10753,10754,10755,10759,10760,10763,10765,10766,10767,10769
864,10770,10771,10772,10773,10774,10777,10778,10779,10780,10781,10782,10783,10788,10789,10790
865,10793,10794,10795,10797,10798,10800,10801,10804,10808,10811,10813,10814,10819,10820,10821,10822,10829,10831,10834,10837,10838,10841,10842,10844,10845,10847,10848,10851,10852,10854
866,10855,10856,10860,10861,10862,10863,10864,10865,10866,10868
867,10869,10874,10876,10877,10878,10880
868,10885
869,10886
870,10887,10888,10889,10890
871,10891,10892,10893,10894,10895,10896,10897,10898,10899,10900,10901,10902,10903,10904,10905,10906,10907,10908,10909,10910,10911,10912,10913
872,10914,10915,10916,10919,10920,10923,10926,10927,10932,10933,10934
873,10937,10939,10940,10943,10944,10946,10950,10951,10952,10953,10954,10955,10957,10959,10969,10970,10971,10972,10973,10977,10982,10984,10985,10991,10992,10994,10996,10997,10998
874,10999,11004,11005,11011
875,11013,11014,11015,11016,11017,11018,11022,11023
876,11029
877,11030
878,11031,11033
879,11035,11037,11038,11039,11040,11041,11042,11043,11044,11045,11046,11047,11048,11049,11051,11052,11053,11056,11057
880,11058,11059,11060,11061,11062,11063,11064,11065,11066,11067,11068,11069,11070,11071,11072,11073,11074,11075,11076,11077,11078,11079,11080
881,11081,11082,11083,11084,11086,11087,11088,11089,11090,11091,11092,11093,11094,11095,11096,11098,11099,11100,11101,11102,11104,11105,11108,11109,11110,11111,11112,11113,11114,11115,11116,11117,11119,11120,11121,11122,11123,11124,11125,11126,11127,11128,11129,11131,11132,11133,11134,11135,11136,11138,11139,11140,11142
882,11143,11144,11146,11148,11150,11151,11155,11156
883,11157,11158,11160,11161,11165,11166,11168,11169,11170,11171
884,11173
885,11174
886,11175,11176,11177,11178
887,11179,11180,11182,11184,11186,11188,11189,11190,11191,11192,11194,11195,11196,11197,11198,11199,11200,11201
888,11202,11204,11206,11209,11214,11217,11219,11220,11221,11223
889,11225,11227,11228,11231,11237,11242,11244,11247,11248,11252,11253,11254,11256,11257,11258,11263,11264,11266,11268,11269,11272,11274,11276,11277,11278,11279,11280,11282,11283
890,11287,11288,11290,11291,11292,11293,11294,11296,11297,11299,11300
891,11301,11307,11311
892,11317
893,11318
894,11319,11322
895,11323,11325,11326,11327,11328,11329,11332,11334,11335,11336,11339,11340,11341,11342,11343,11344,11345
896,11346,11348,11349,11350,11351,11352,11353,11354,11355,11356,11357,11359,11360,11361,11362,11366,11367,11368
897,11369,11374,11375,11389,11394,11395,11404,11405,11411,11415,11419,11422,11426
898,11431,11432,11436,11443,11444
899,11445,11446,11450,11451,11456,11459,11460
900,11461
901,11462
902,11463,11465,11466
903,11467,11469,11471,11473,11474,11481,11483,11484,11488,11489
904,11490,11497,11502,11511
905,11513,11516,11518,11537,11542,11565,11573
906,11575,11576,11577,11578,11579,11580,11581,11582,11583,11584,11585,11586,11587,11588
907,11589,11594,11603
908,11605
909,11606
910,11607,11610
911,11611,11615,11619,11620,11621,11628,11629,11630,11632
912,11634,11635,11637,11643,11644,11645,11647,11649
913,11657,11658,11659,11662,11664,11666,11667,11668,11669,11670,11671,11673,11675,11679,11680,11682,11683,11684,11689,11691,11692,11694,11696,11697,11700,11704,11713,11714,11715
914,11719,11720,11723,11724,11725,11731
915,11733,11734,11735,11738,11739,11741,11742,11743,11745,11746
916,11749
917,11750
918,11751,11752,11753,11754
919,11755,11756,11757,11760,11761,11762,11763,11764,11765,11766,11767,11769,11770,11771,11773,11774,11775,11776,11777
920,11778,11779,11780,11782,11789
921,11801,11838,11851
922,11863,11864,11865,11866,11867,11868,11870,11871,11872,11873,11874,11875,11876
923,11877,11878,11879,11880,11881,11882,11884,11885,11886,11887,11888,11889,11890,11891,11892
924,11893
925,11894
926,11895,11897
927,11899,11900,11901,11902,11903,11904,11905,11906,11907,11908,11910,11911,11912,11913,11914,11915,11916,11917,11918,11919,11920,11921
928,11922,11923,11924,11929,11930,11933,11936,11937,11939,11940,11942,11943,11944
929,11945,11948,11949,11950,11951,11952,11956,11957,11958,11961,11963,11964,11968,11969,11973,11975,11976,11981,11984,11985,11987,11988,11989,11991,11996,12000,12003,12004,12005
930,12007,12008,12009,12011,12013,12014,12015,12016,12017,12019,12020
931,12021,12023,12025,12027,12031,12033,12035,12036
932,12037
933,12038
934,12039,12042
935,12043,12044,12045,12048,12049,12050,12052,12053,12054,12055,12057,12058,12059,12060,12062,12063,12064,12065
936,12066,12068,12071,12079,12080,12081,12083
937,12089,12093,12098,12104,12105,12116,12117,12121,12127,12133,12134,12135,12138
938,12151,12152,12153,12154,12155,12156,12157,12159,12160,12161,12162,12163,12164
939,12165,12166,12168,12169,12171,12173,12175,12177,12178,12180
940,12181
941,12182
942,12183,12186
943,12187,12190,12194,12197,12199,12200,12204,12208
944,12210,12212,12213,12215,12218,12219,12223,12224,12225,12226,12227,12228
945,12233,12235,12236,12237,12239,12240,12241,12242,12244,12245,12247,12248,12249,12250,12251,12253,12256,12257,12258,12259,12260,12262,12263,12264,12266,12267,12268,12269,12270,12271,12272,12273,12274,12275,12276,12277,12278,12279,12280,12281,12282,12284,12285,12286,12287,12288,12289,12290,12291,12292,12294
946,12295,12296,12297,12298,12299,12301,12302,12303,12305,12306,12307,12308
947,12309,12311,12312,12313,12315,12321,12323,12324
948,12325
949,12326
950,12327,12328
951,12331,12332,12334,12338,12339,12342,12343,12345,12350,12352,12353
952,12354,12355,12357,12358,12359,12360,12361,12362,12363,12364,12365,12366,12367,12368,12369,12370,12371,12372,12374,12375,12376
953,12377,12378,12379,12380,12381,12382,12383,12384,12385,12386,12387,12388,12389,12390,12391,12392,12393,12394,12395,12396,12397,12398,12399,12400,12401,12402,12403,12404,12405,12406,12407,12408,12409,12410,12411,12412,12413,12414,12415,12416,12417,12418,12419,12420,12421,12422,12423,12424,12425,12426,12427,12428,12429,12430,12431,12432,12433,12434,12435,12436,12437,12438
954,12439,12440,12441,12442,12443,12444,12445,12446,12447,12448,12450,12451,12452
955,12453,12454,12455,12456,12457,12458,12460,12461,12462,12463,12464,12465,12466,12467,12468
956,12469
957,12470
958,12471,12472,12473,12474
959,12475,12477,12478,12484,12488,12491,12493,12494,12495
960,12498,12499,12500,12501,12502,12503,12505,12507,12508,12510,12512,12513,12514,12515,12517,12518,12520
961,12521,12522,12523,12524,12525,12528,12529,12530,12531,12532,12534,12536,12537,12539,12541,12542,12543,12546,12549,12551,12553,12554,12556,12557,12558,12560,12563,12564,12569,12571,12575,12576,12577,12578,12581,12582
962,12583,12585,12587,12589,12590,12593
963,12597,12602,12606,12611
964,12613
965,12614
966,12615,12616,12617,12618
967,12619,12621,12622,12623,12624,12625,12629,12631,12633,12634,12635,12639,12641
968,12642,12644,12645,12649,12653,12654,12656,12657,12659,12662
969,12665,12666,12667,12668,12669,12671,12672,12673,12674,12675,12676,12677,12679,12680,12681,12682,12683,12684,12685,12688,12690,12691,12692,12694,12696,12697,12698,12699,12700,12701,12702,12703,12704,12705,12706,12707,12708,12709,12711,12712,12713,12714,12716,12721,12722,12723,12724,12725,12726
970,12727,12728,12729,12730,12731,12732,12733,12734,12735,12736,12737,12738,12739
971,12741,12744,12746,12748,12749,12752,12753
972,12757
973,12758
974,12759,12760,12762
975,12763,12764,12765,12767,12768,12770,12772,12773,12774,12776,12777,12780,12781,12782,12783,12784,12785
976,12786,12787,12790,12793,12795,12796,12797,12798,12799,12800,12802,12803,12806,12807,12808
977,12809,12810,12811,12812,12813,12815,12816,12817,12818,12819,12820,12821,12822,12824,12825,12826,12827,12828,12829,12830,12831,12832,12833,12834,12835,12837,12838,12840,12841,12842,12843,12845,12846,12847,12848,12849,12850,12852,12853,12854,12856,12857,12858,12859,12860,12861,12862,12863,12865,12866,12867,12868,12869,12870
978,12871,12872,12873,12875,12876,12877,12878,12879,12880,12881,12882,12883,12884
979,12885,12888,12891,12895,12896
980,12901
981,12902
982,12903,12904,12906
983,12907,12908,12910,12912,12919,12920,12925,12927
984,12930,12931,12932,12933,12935,12936,12937,12941,12942,12943,12945,12948,12952
985,12953,12954,12963,12969,12978,12991,12997,12999
986,13015,13017,13018,13020,13021,13022,13023,13025
987,13029,13030,13032,13033,13035,13040,13041
988,13045
989,13046
990,13047
991,13051,13052,13054,13055,13056,13057,13058,13060,13061,13062,13063,13064,13065,13066,13067,13068,13069,13070,13071,13072,13073
992,13074,13075,13077,13078,13082,13084,13086,13090,13092,13095
993,13097,13099,13100,13101,13102,13104,13105,13106,13107,13108,13109,13112,13113,13114,13115,13117,13118,13120,13122,13123,13125,13126,13128,13129,13130,13131,13134,13135,13136,13137,13138,13139,13140,13141,13142,13143,13145,13146,13147,13148,13151,13152,13153,13154,13155,13156,13158
994,13159,13164,13165,13168,13169,13171,13172
995,13173,13174,13175,13176,13177,13178,13179,13180,13184,13186,13187,13188
996,13189
997,13190
998,13191,13192,13193,13194
999,13195,13204
1000,13218,13220,13221,13223,13224,13226,13227,13228,13230,13231,13232,13233,13234,13235,13237,13238,13239
1001,13241,13242,13243,13244,13248,13249,13250,13251,13253,13254,13255,13256,13257,13258,13259,13260,13261,13262,13263,13264,13265,13266,13267,13268,13269,13270,13271,13272,13273,13274,13276,13277,13278,13279,13280,13281,13282,13283,13284,13285,13286,13287,13289,13290,13291,13292,13293,13294,13295,13296,13297,13299,13300,13301,13302
1002,13303,13306,13307,13310,13313,13316
1003,13317,13319,13321,13323,13324,13327,13328,13329,13330,13331,13332
1004,13333
1005,13334
1006,13335,13336,13338
1007,13339,13340,13342,13347,13354,13358,13360
1008,13362,13364,13365,13367,13368,13369,13371,13372,13373,13374,13376,13377,13378,13382,13384
1009,13385,13388,13389,13390,13391,13392,13395,13396,13397,13398,13399,13400,13401,13405,13406,13409,13410,13411,13413,13415,13416,13417,13419,13420,13421,13422,13423,13424,13425,13427,13428,13429,13432,13435,13436,13437,13438,13439,13441,13442,13443,13445,13446
1010,13447,13449,13451,13452,13453,13456,13457,13460
1011,13461,13463,13466,13470,13471,13474
1012,13477
1013,13478
1014,13479,13481
1015,13483,13492
1016,13506,13526
1017,13529,13534,13535,13536,13538,13544,13548,13555,13556,13558,13559,13564,13567,13569,13573,13575,13576,13578,13583,13584,13587,13588,13589
1018,13591,13592,13593,13594,13595,13596,13597,13598,13599,13600,13601,13603,13604
1019,13605,13606,13607,13608,13609,13610,13611,13612,13613,13615,13616,13617,13618,13619,13620
1020,13621
1021,13622
1022,13623,13624,13625,13626
1023,13627,13628,13629,13632,13637,13639,13642,13648
1024,13650,13651,13652,13655,13657,13658,13659,13661,13662,13663,13664,13665,13667,13668,13670,13671,13672
1025,13673,13674,13675,13676,13678,13679,13680,13681,13682,13683,13684,13686,13687,13688,13689,13690,13692,13693,13694,13695,13697,13698,13699,13700,13701,13702,13703,13704,13705,13707,13708,13709,13710,13711,13712,13713,13714,13715,13717,13718,13720,13722,13723,13724,13726,13728,13729,13731,13733,13734
1026,13735,13736,13738,13739,13740,13746
1027,13749,13756,13759,13761,13763,13764
1028,13765
1029,13766
1030,13767,13768,13769
1031,13771,13772,13773,13775,13776,13777,13780,13782,13784,13787,13788,13791,13793
1032,13794,13796,13801,13803,13806,13807,13808,13809,13812,13814,13816
1033,13817,13831,13843,13863,13874
1034,13879,13880,13881,13882,13883,13884,13885,13886,13887,13888,13889,13890,13891,13892
1035,13893,13894,13895,13896,13897,13898,13899,13900,13901,13902,13903,13904,13905,13906,13907,13908
1036,13909
1037,13910
1038,13911,13912
1039,13915,13920,13923,13930,13933
1040,13938,13939,13941,13942,13943,13944,13945,13946,13947,13948,13949,13950,13951,13952,13954,13955,13956,13957,13958,13960
1041,13961,13962,13963,13964,13965,13967,13968,13969,13970,13972,13973,13974,13975,13976,13977,13978,13979,13980,13981,13982,13983,13986,13987,13988,13989,13991,13992,13993,13994,13995,13996,13997,13999,14000,14001,14002,14003,14005,14006,14007,14008,14009,14010,14011,14015,14016,14017,14019,14020,14021
1042,14023,14024,14027,14028,14029,14030,14031,14032,14035,14036
1043,14037,14038,14040,14042,14043,14044,14045,14048,14051
1044,14053
1045,14054
1046,14055,14056,14057,14058
1047,14059,14060,14061,14062,14063,14064,14065,14067,14068,14069,14070,14071,14072,14073,14075,14078,14079,14080,14081
1048,14082,14083,14086,14088,14089,14090,14091,14092,14093,14096,14097,14098,14101,14102,14103,14104
1049,14105,14107,14108,14110,14111,14112,14114,14115,14116,14117,14119,14120,14122,14123,14124,14125,14126,14127,14129,14132,14133,14135,14138,14140,14141,14142,14143,14144,14145,14146,14147,14148,14149,14150,14151,14153,14154,14155,14156,14159,14160,14161,14163,14164
1050,14167,14179
1051,14181,14182,14188
1052,14197
1053,14198
1054,14199,14200
1055,14203,14204,14205,14208,14210,14211,14213,14214,14215,14216,14217,14218,14220,14222,14223,14224,14225
1056,14226,14227,14228,14230,14232,14241,14243,14245,14247,14248
1057,14249,14250,14252,14257,14258,14260,14262,14264,14265,14266,14270,14271,14278,14279,14280,14281,14283,14286,14287,14288,14289,14290,14295,14298,14301,14309,14310
1058,14311,14312,14316,14319,14322,14324
1059,14325,14326,14327,14328,14329,14331,14332,14334,14336,14338,14339
1060,14341
1061,14342
1062,14343,14344,14345,14346
1063,14347,14348,14351,14354,14356,14363,14364,14365
1064,14370,14372,14373,14374,14375,14378,14379,14380,14381,14383,14385,14387,14388,14390,14391,14392
1065,14393,14395,14396,14401,14402,14406,14407,14410,14411,14412,14413,14417,14419,14424,14426,14427,14430,14431,14433,14434,14435,14436,14437,14439,14440,14441,14442,14443,14448,14450,14451,14453,14454
1066,14455,14456,14457,14458,14459,14460,14461,14462,14463,14464,14465,14466,14467,14468
1067,14469,14470,14472,14475,14476,14478,14481,14484
1068,14485
1069,14486
1070,14487,14489
1071,14491,14492,14493,14494,14495,14497,14498,14499,14500,14501,14502,14503,14504,14505,14506,14507,14508,14509,14510,14511,14512,14513
1072,14514,14515,14517,14518,14519,14520,14522,14524,14525,14526,14527,14528,14529,14530,14531,14532,14533
1073,14537,14538,14544,14546,14547,14549,14550,14553,14557,14558,14561,14562,14564,14565,14569,14570,14572,14574,14578,14579,14583,14585,14587,14588,14589,14590,14592,14593,14594,14596,14597,14598
1074,14599,14603,14605,14606,14608,14611,14612
1075,14613,14623,14627
1076,14629
1077,14630
1078,14631,14633
1079,14635,14651,14655,14657
1080,14658,14661,14663,14666,14667,14669,14670,14671,14676,14679,14680
1081,14681,14683,14690,14693,14698,14701,14705,14706,14707,14709,14713,14714,14718,14735,14740,14742
1082,14743,14745,14747,14749,14750,14752,14753,14754,14755
1083,14757,14758,14759,14760,14763,14765,14766,14767,14768,14769,14770,14771
1084,14773
1085,14774
1086,14775,14776,14778
1087,14779,14783,14784,14786,14791,14792,14798,14801
1088,14802,14808,14814
1089,14825,14826,14827,14828,14829,14830,14831,14832,14833,14834,14835,14836,14837,14838,14839,14840,14841,14842,14843,14844,14845,14846,14847,14848,14849,14850,14851,14852,14853,14854,14856,14857,14858,14859,14860,14861,14862,14863,14864,14866,14867,14868,14869,14870,14871,14872,14873,14874,14875,14876,14877,14878,14879,14880,14881,14882,14884,14885
1090,14887
1091,14901,14902,14903,14904,14906,14909,14910,14911,14912,14914,14916
1092,14917
1093,14918
1094,14919,14920
1095,14923,14926,14927,14928,14929,14930,14931,14932,14933,14935,14936,14937,14938,14939,14940,14941,14942,14943,14944,14945
1096,14946,14947,14949,14950,14951,14952,14953,14954,14955,14956,14957,14958,14959,14961,14962,14963,14964,14965,14966,14967,14968
1097,14969,14970,14971,14972,14974,14976,14977,14978,14979,14980,14981,14982,14984,14985,14987,14988,14989,14990,14992,14993,14994,14995,14996,14997,14998,14999,15000,15001,15002,15003,15004,15005,15006,15007,15008,15009,15010,15011,15014,15015,15016,15018,15019,15020,15023,15025,15026,15028,15029,15030
1098,15031,15032,15040,15044
1099,15045,15048,15052,15056,15057
1100,15061
1101,15062
1102,15063,15064,15065
1103,15067,15070,15071,15073,15074,15075,15076,15078,15079,15080,15081,15083,15084,15085,15086,15087,15089
1104,15090,15091,15092,15093,15094,15095,15096,15098,15099,15100,15101,15102,15103,15104,15105,15106,15107,15108,15109,15111,15112
1105,15113,15114,15116,15119,15120,15121,15122,15124,15127,15128,15130,15131,15134,15135,15136,15137,15138,15139,15140,15142,15145,15148,15149,15150,15152,15154,15156,15157,15160,15162,15166,15167,15168,15169,15170,15171,15174
1106,15175,15176,15177,15178,15179,15180,15181,15182,15183,15184,15185,15186,15187,15188
1107,15189,15190,15191,15193,15195,15196,15197,15198,15200,15201,15202,15203,15204
1108,15205
1109,15206
1110,15207,15208,15209,15210
1111,15211,15212,15216,15217,15220,15222,15224,15225,15231,15232
1112,15234,15236,15238,15242,15243,15244,15246,15247,15248,15249,15250,15252,15253,15254,15256
1113,15257,15258,15260,15261,15263,15264,15269,15279,15280,15281,15282,15286,15291,15292,15293,15297,15300,15308,15310,15311,15317
1114,15319,15321,15322,15325,15326,15329,15330,15331,15332
1115,15333,15334,15338,15339,15342,15343,15345,15348
1116,15349
1117,15350
1118,15351,15352,15353
1119,15355,15361,15362,15366,15368,15371,15374,15377
1120,15378,15384,15395,15400
1121,15401,15402,15403,15404,15405,15406,15407,15408,15409,15410,15413,15414,15417,15418,15419,15420,15421,15422,15423,15424,15425,15426,15427,15428,15429,15430,15431,15433,15434,15435,15438,15439,15440,15441,15442,15443,15444,15446,15449,15450,15451,15452,15453,15454,15455,15456,15458,15459,15461,15462
1122,15463,15468,15473
1123,15477,15483,15485
1124,15493
1125,15494
1126,15495,15498
1127,15499,15502,15503,15504,15507,15508,15509,15512,15513,15514,15515,15516,15517,15519,15520,15521
1128,15522,15526
1129,15545,15546,15549,15552,15557,15562,15569,15571,15575,15576,15583,15588,15589,15590,15591,15594,15596,15599,15606
1130,15607,15612,15613,15619
1131,15621,15622,15623,15624,15625,15626,15627,15628,15629,15630,15631,15632,15634,15635
1132,15637
1133,15638
1134,15639,15640,15641,15642
1135,15643,15644,15646,15649,15653,15654,15656,15659,15660,15661
1136,15666,15667,15668,15674,15675,15676,15678,15679,15680,15681,15683,15685,15686,15687
1137,15689,15690,15691,15695,15696,15698,15699,15700,15704,15705,15706,15708,15709,15710,15712,15713,15714,15715,15716,15717,15718,15719,15720,15722,15723,15724,15727,15729,15731,15732,15733,15735,15736,15737,15738,15739,15744,15745,15746,15747,15749,15750
1138,15751,15752,15753,15754,15755,15756,15757,15759,15760,15762,15763,15764
1139,15765,15767,15769,15770,15771,15772,15773,15774,15775,15776,15777,15778,15779,15780
1140,15781
1141,15782
1142,15783,15786
1143,15787,15794,15796,15798,15808,15809
1144,15810,15812,15813,15814,15815,15816,15817,15818,15819,15821,15822,15823,15824,15825,15827,15828,15831,15832
1145,15833,15835,15837,15838,15839,15840,15841,15842,15843,15844,15845,15846,15847,15848,15849,15853,15856,15863,15864,15865,15868,15869,15871,15872,15873,15874,15875,15876,15878,15880,15881,15883,15884,15886,15887,15888,15889,15890,15891,15892,15894
1146,15895,15905,15907
1147,15909,15910,15911,15912,15913,15914,15915,15916,15917,15918,15919,15920,15923,15924
1148,15925
1149,15926
1150,15927,15928,15929
1151,15931,15940,15942,15953
1152,15954,15955,15957,15958,15959,15960,15961,15962,15963,15964,15965,15966,15967,15968,15969,15970,15971,15972,15973,15974,15975,15976
1153,15977,15978,15979,15980,15984,15986,15988,15992,15993,15996,15997,15999,16001,16004,16006,16007,16009,16013,16016,16017,16019,16025,16027,16028,16030,16033,16034,16035,16036,16037
1154,16039,16044
1155,16053,16057,16058,16060,16064,16066,16067
1156,16069
1157,16070
1158,16071,16073
1159,16075,16076,16078,16080,16083,16086,16087,16089,16090,16091,16092,16093,16094,16095,16097
1160,16098,16099,16100,16101,16102,16103,16104,16105,16106,16107,16108,16109,16110,16111,16112,16113,16114,16115,16116,16117,16118,16119,16120
1161,16121,16125,16126,16127,16128,16130,16133,16137,16139,16141,16142,16145,16147,16148,16149,16150,16151,16152,16153,16155,16156,16157,16158,16161,16162,16163,16165,16166,16167,16170,16171,16173,16175,16176,16177,16179,16180,16181
1162,16183,16184,16185,16186,16187,16188,16189,16190,16193,16194,16195,16196
1163,16197,16198,16199,16200,16201,16202,16203,16205,16206,16207,16208,16209,16210,16211
1164,16213
1165,16214
1166,16215,16216
1167,16219,16221,16222,16226,16230,16231,16234,16235,16236,16239,16240,16241
1168,16242,16243,16244,16245,16246,16247,16248,16249,16250,16251,16252,16254,16255,16256,16257,16258,16260,16261,16262,16263,16264
1169,16265,16266,16268,16269,16271,16272,16273,16274,16275,16276,16277,16279,16280,16283,16284,16287,16288,16289,16290,16291,16292,16293,16294,16295,16296,16297,16298,16299,16302,16303,16304,16306,16308,16309,16310,16311,16312,16313,16314,16315,16316,16319,16320,16321,16322,16324,16325,16326
1170,16327,16336
1171,16341,16342,16343,16344,16345,16346,16347,16348,16349,16350,16351,16352,16353,16354,16355,16356
1172,16357
1173,16358
1174,16359,16360,16361,16362
1175,16363,16383
1176,16386,16387,16388,16392,16393,16395,16396,16397,16398,16399,16400,16401,16402,16403,16404,16405,16406,16407,16408
1177,16409,16410,16415,16421,16422,16424,16425,16429,16430,16433,16435,16440,16445,16447,16453,16455,16463,16466,16467,16469,16470
1178,16471,16472,16473,16474,16476,16477,16478,16479,16480,16481,16482,16483
1179,16485,16486,16487,16488,16490,16491,16493,16494,16495,16496,16497,16498,16500
1180,16501
1181,16502
1182,16503
1183,16507,16509,16510,16512,16515,16521,16524,16528
1184,16530,16531,16533,16547
1185,16553,16554,16555,16556,16557,16559,16560,16561,16562,16563,16564,16565,16566,16567,16568,16569,16570,16571,16572,16573,16574,16575,16576,16577,16578,16579,16580,16581,16582,16583,16584,16585,16586,16587,16588,16589,16590,16591,16592,16593,16594,16595,16596,16597,16598,16599,16600,16601,16602,16603,16605,16606,16607,16608,16609,16610,16611,16612,16613,16614
1186,16615,16616,16620,16621,16623,16625,16628
1187,16629,16638
1188,16645
1189,16646
1190,16647,16649,16650
1191,16651,16657,16658,16659,16667,16672
1192,16674,16675,16676,16677,16678,16679,16681,16682,16683,16684,16685,16686,16688,16689,16690,16691,16692,16693,16694,16695
1193,16697,16701,16702,16704,16705,16706,16710,16711,16713,16714,16717,16720,16722,16728,16734,16735,16741,16743,16744,16747,16749,16754,16757
1194,16759,16761,16762,16763,16764,16765,16766,16767,16768,16770,16771,16772
1195,16773,16774,16776,16777,16779,16780,16784,16785,16786,16787
1196,16789
1197,16790
1198,16791
1199,16795,16808,16816
1200,16818,16819,16821,16822,16823,16824,16825,16826,16827,16828,16829,16830,16831,16832,16833,16834,16835,16837,16839,16840
1201,16841,16842,16843,16844,16845,16846,16847,16848,16849,16850,16851,16852,16853,16854,16855,16856,16857,16858,16859,16860,16861,16862,16863,16864,16865,16867,16868,16869,16870,16871,16872,16873,16875,16876,16877,16878,16879,16880,16881,16882,16883,16884,16885,16886,16887,16888,16889,16890,16891,16892,16893,16894,16895,16896,16898,16899,16900,16901,16902
1202,16903,16905,16906,16910,16912,16913,16914,16915,16916
1203,16917,16922,16924,16929
1204,16933
1205,16934
1206,16935,16936,16938
1207,16939,16941,16942,16943,16945,16949,16950,16953,16955,16957,16959,16961
1208,16962,16963,16964,16965,16966,16967,16968,16970,16971,16972,16973,16975,16977,16979,16980,16981,16983
1209,16985,16988,16989,16990,16991,16992,16994,16996,16997,16999,17001,17004,17005,17006,17016,17017,17021,17022,17023,17025,17026,17028,17029,17030,17031,17033,17034,17038,17040,17041,17042,17044,17046
1210,17047,17049,17050,17053,17054,17056,17057,17059,17060
1211,17061,17063,17069,17075
1212,17077
1213,17078
1214,17079,17080,17081,17082
1215,17083,17084,17086,17087,17088,17089,17091,17092,17093,17094,17095,17096,17097,17098,17099,17101,17102,17103,17104,17105
1216,17106,17107,17108,17109,17110,17111,17112,17113,17115,17116,17117,17119,17120,17121,17123,17124,17125,17127,17128
1217,17129,17130,17131,17132,17133,17136,17138,17140,17141,17142,17143,17144,17146,17150,17151,17152,17153,17155,17156,17157,17158,17160,17161,17163,17164,17165,17166,17167,17168,17169,17170,17171,17173,17175,17176,17177,17178,17179,17181,17182,17186,17188,17190
1218,17191,17193,17195,17197,17198,17199,17200,17202,17203,17204
1219,17205,17206,17207,17208,17211,17219,17220
1220,17221
1221,17222
1222,17223
1223,17227,17228,17232,17234,17238,17242,17243,17246,17249
1224,17250,17252,17253,17254,17255,17256,17257,17258,17259,17260,17262,17263,17264,17267,17268,17269,17270,17271,17272
1225,17273,17274,17275,17276,17277,17278,17279,17281,17282,17283,17284,17285,17287,17288,17289,17290,17291,17293,17294,17295,17296,17297,17298,17300,17302,17303,17305,17306,17307,17308,17310,17311,17312,17313,17314,17316,17317,17318,17320,17321,17323,17324,17325,17326,17329,17330,17331,17332,17333,17334
1226,17335,17336,17337,17344
1227,17349,17350,17362
1228,17365
1229,17366
1230,17367,17368,17370
1231,17371,17372,17373,17374,17375,17376,17377,17378,17379,17380,17381,17382,17383,17384,17385,17386,17387,17388,17389,17390,17391,17392,17393
1232,17394,17408,17409,17411,17413
1233,17417,17418,17420,17421,17422,17423,17428,17429,17430,17433,17434,17435,17436,17437,17438,17439,17440,17441,17443,17444,17445,17446,17448,17450,17451,17452,17454,17455,17456,17457,17459,17460,17461,17462,17463,17464,17466,17467,17468,17469,17470,17471,17472,17473,17475,17477,17478
1234,17479,17480,17481,17483,17484,17486,17488,17490,17492
1235,17493,17505
1236,17509
1237,17510
1238,17511,17514
1239,17515,17536
1240,17538,17542,17549,17551,17560
1241,17561,17567
1242,17623,17626,17627,17628,17631,17633,17634,17635
1243,17637,17643,17644,17645,17646,17650
1244,17653
1245,17654
1246,17655,17656,17657,17658
1247,17659,17660,17663,17664,17666,17668,17672,17673,17674,17680
1248,17682,17683,17687,17691,17695,17697,17700,17704
1249,17705,17715,17716,17717,17720,17725,17731,17736,17738,17741,17742,17745,17746,17747,17749,17750,17754,17762,17765
1250,17767,17768,17771,17772,17773,17776
1251,17781,17784,17793
1252,17797
1253,17798
1254,17799,17800,17801
1255,17803,17804,17806,17807,17809,17812,17813,17817,17824
1256,17826,17827,17828,17829,17830,17833,17834,17836,17837,17838,17839,17840,17841,17843,17845,17846,17848
1257,17849,17867,17881,17894
1258,17911,17914,17915,17920,17922
1259,17925,17926,17927,17928,17929,17930,17931,17933,17936,17937,17938
1260,17941
1261,17942
1262,17943,17944,17945,17946
1263,17947,17948,17951,17952,17953,17954,17956,17958,17959,17960,17963,17964,17966,17967,17968
1264,17970,17975,17980,17983,17988,17989
1265,17993,17995,17996,17997,17998,18000,18003,18004,18005,18006,18007,18008,18010,18011,18012,18013,18014,18015,18016,18017,18018,18019,18021,18022,18023,18024,18025,18026,18027,18028,18029,18031,18032,18033,18034,18035,18036,18037,18038,18039,18040,18041,18043,18046,18047,18048,18049,18050,18051,18052,18053,18054
1266,18055,18059,18060,18061,18062,18065,18066,18067
1267,18069,18071,18072,18078,18080,18082,18083,18084
1268,18085
1269,18086
1270,18087,18088,18089
1271,18091,18096,18098,18109,18110
1272,18114,18116,18117,18118,18119,18121,18122,18126,18127,18128,18129,18131,18132,18133,18136
1273,18137,18139,18150,18154,18155,18162,18169,18170,18171,18172,18174,18177,18179,18185,18189,18194,18196
1274,18199,18200,18201,18203,18204,18208,18209,18210,18212
1275,18213,18228
