256,1
257,2
258,3,4,6
259,7
260,8
261,9
262,10,12,13
263,14,22,23
264,24,25,26,27,29,30,32,33
265,34,38,40,42,45,46,47,50,52,57,58,63,66,68,70
266,71,73
267,75,84
268,85
269,86
270,87,88,89
271,91,93,94,96,97,99,100,102,104,107,109,111,112,113
272,114,115,128
273,137,139,140,141,146,154,155,156,161,172,176,177,183,187,190,191
274,199,203,204,205,210
275,213,215,216,217,218,219,220,224,225,226,227,228
276,229
277,230
278,231,234
279,235,236,238,239,249,254,255
280,258,259,260,261,262,264,265,269,270,271,272,273,275,276,278,279,280
281,281,283,284,285,288,289,290,292,293,294,297,298,299,300,301,302,309,310,314,315,321,322,323,324,325,326,327,331,335,338,341
282,343,344,345,346,349,350,351,352,354,355
283,357,358,360,368
284,373
285,374
286,375,376,377,378
287,379,380,381,383,384,386,388,389,390,392,395,398
288,402,407,408,409,410,412,415,421,424
289,425,426,427,428,429,430,431,432,433,434,435,436,437,438,439,440,441,442,443,444,445,446,447,448,449,450,451,452,453,454,456,457,458,459,460,462,463,464,465,466,467,468,469,470,471,472,473,474,475,476,477,478,479,480,481,482,483,484,485,486
290,487,488,489,491,492,494
291,501,503,504,505,506,507,508,509,510,511,512,516
292,517
293,518
294,519,520,522
295,523,524,526,527,528,529,530,531,532,534,535,536,537,538,540,541,542,543,544
296,546,547,548,550,551,557,558,559,560,562,563,564,567,568
297,569,572,574,576,579,582,584,585,590,592,599,601,602,612,617,619
298,631,633,635,636,637,638,639,640,643
299,645,647,649,650,651,652,653,657,660
300,661
301,662
302,663,664
303,667,668,672,673,678,679,680,683
304,690,698,702,703,706,711
305,713,757,770
306,775,780,784
307,789,790,792,794,795,796,798,799,800,801,804
308,805
309,806
310,807,808,809,810
311,811,814,815,817,820,821,823,829,831,833
312,834,838,842,850,854
313,857,858,859,860,861,862,863,864,865,866,867,868,869,870,871,872,873,874,875,876,877,878,879,880,881,882,883,884,885,886,887,888,889,890,891,892,893,894,895,896,897,898,899,900,901,902,903,904,905,906,907,908,909,910,911,912,913,914,915,916,917,918
314,919,928,929,930
315,933,940,945,946
316,949
317,950
318,951,953
319,955,974
320,978,980,982,983,990,996,998,1000
321,1001,1004,1005,1006,1007,1008,1009,1011,1012,1013,1014,1015,1019,1020,1021,1023,1025,1026,1029,1030,1031,1032,1033,1034,1035,1036,1037,1038,1039,1040,1041,1042,1043,1045,1047,1048,1052,1054,1057,1059,1060
322,1063,1065,1066,1067,1068,1069,1070,1071,1072,1073,1074,1075,1076
323,1077,1079,1082,1083,1084,1087,1089,1091
324,1093
325,1094
326,1095,1096,1097,1098
327,1099,1100,1101,1102,1103,1104,1105,1106,1107,1108,1109,1110,1111,1112,1113,1114,1115,1116,1117,1118,1119,1120,1121
328,1122,1123,1124,1126,1127,1128,1129,1130,1131,1132,1133,1134,1135,1136,1137,1138,1139,1140,1141,1142,1143,1144
329,1145,1146,1147,1148,1149,1150,1151,1152,1153,1154,1155,1156,1158,1159,1160,1162,1163,1164,1165,1166,1168,1169,1170,1171,1172,1174,1175,1176,1177,1178,1179,1180,1181,1182,1183,1184,1186,1187,1188,1190,1191,1192,1193,1195,1196,1197,1198,1199,1202,1203,1204,1205
330,1207,1214,1216,1218
331,1221,1222,1225,1227,1228,1229
332,1237
333,1238
334,1239,1240,1241,1242
335,1243,1246,1254,1255
336,1266,1267,1268,1269,1270,1271,1272,1274,1276,1278,1279,1280,1281,1282,1283,1284,1285,1286,1287,1288
337,1289,1291,1292,1293,1294,1300,1304,1306,1307,1312,1317,1319,1323,1325,1327,1334,1342,1345,1350
338,1351,1353,1358,1362,1363
339,1365,1366,1371,1373,1377,1379
340,1381
341,1382
342,1383,1384,1385,1386
343,1387,1395,1400,1408
344,1410,1411,1413,1414,1415,1417,1418,1419,1420,1421,1423,1424,1426,1427,1428,1432
345,1433,1438,1442,1458,1461,1471,1472,1482,1486,1494
346,1495,1500,1501,1506,1507
347,1509,1511,1513,1515,1517,1518,1519,1521,1522,1523,1524
348,1525
349,1526
350,1527,1528,1529,1530
351,1531,1532,1533,1534,1535,1536,1537,1538,1539,1540,1541,1542,1543,1544,1545,1546,1547,1548,1549,1550,1552,1553
352,1554,1558,1559,1566,1572
353,1577,1578,1579,1581,1582,1583,1584,1585,1586,1587,1588,1589,1590,1591,1592,1593,1594,1595,1596,1597,1599,1600,1601,1602,1603,1604,1605,1606,1607,1608,1609,1610,1613,1615,1616,1617,1618,1619,1620,1621,1622,1623,1624,1625,1626,1627,1628,1629,1631,1632,1633,1634,1635,1636,1637,1638
354,1639,1640,1641,1642,1643,1644,1645,1646,1647,1648,1649,1650,1651,1652
355,1653,1654,1655,1656,1657,1658,1662,1664,1665,1666,1667,1668
356,1669
357,1670
358,1671,1672,1673,1674
359,1675,1676,1677,1678,1680,1681,1684,1685,1686,1688,1689,1690,1691,1693,1694,1695,1696,1697
360,1698,1699,1700,1707,1710,1712,1713,1715,1719,1720
361,1721,1723,1724,1727,1728,1731,1732,1739,1740,1743,1745,1746,1747,1748,1750,1751,1752,1753,1754,1755,1756,1757,1764,1765,1767,1768,1771,1772,1774,1779,1780,1781,1782
362,1783,1786,1787,1792
363,1797,1798,1799,1801,1802,1803,1804,1805,1806,1807,1808,1810,1812
364,1813
365,1814
366,1815,1816
367,1819,1827,1828,1835,1837,1840
368,1842,1843,1851,1852,1854,1857,1862,1864
369,1865,1870,1876,1878,1880,1883,1885,1887,1890,1894,1895,1902,1909,1914,1917,1919,1923
370,1927,1933
371,1941,1942,1943,1944,1945,1946,1947,1948,1949,1951,1952,1953,1955,1956
372,1957
373,1958
374,1959,1960,1961,1962
375,1963,1965,1966,1967,1971,1972,1973,1977,1978,1979,1980,1981,1984
376,1986,1987,1988,1989,1991,1995,1997,1998,1999,2000,2002,2003,2004,2005,2008
377,2009,2010,2011,2012,2013,2014,2015,2016,2017,2018,2019,2020,2021,2022,2023,2024,2025,2026,2027,2028,2030,2031,2032,2033,2034,2035,2037,2038,2039,2040,2041,2042,2043,2044,2045,2046,2047,2048,2049,2050,2051,2052,2053,2054,2055,2056,2057,2058,2059,2060,2061,2062,2063,2064,2065,2066,2067,2068,2070
378,2071,2072,2073,2074,2075,2076,2077,2078,2079,2080,2082,2083,2084
379,2085,2086,2087,2088,2089,2090,2092,2094,2095,2096,2097,2098
380,2101
381,2102
382,2103,2104
383,2107,2109,2110,2114,2115,2117,2118,2119,2120,2122,2124,2127,2128,2129
384,2130,2131,2132,2133,2135,2136,2137,2138,2140,2141,2143,2144,2145,2146,2147,2148,2149,2150,2151
385,2153,2154,2155,2156,2157,2158,2160,2163,2164,2165,2166,2167,2168,2169,2170,2171,2172,2173,2174,2175,2176,2178,2179,2180,2183,2184,2185,2186,2187,2188,2189,2191,2192,2193,2194,2195,2196,2197,2198,2199,2200,2201,2202,2204,2205,2206,2207,2208,2209,2210,2212,2213,2214
386,2215,2216,2218,2219,2220,2222,2223,2226,2228
387,2229,2230,2231,2234
388,2245
389,2246
390,2247,2248
391,2251,2252,2253,2254,2255,2256,2258,2259,2260,2261,2262,2263,2264,2265,2266,2268,2269,2270,2271,2273
392,2274,2281,2285,2289
393,2297,2300,2301,2302,2303,2304,2305,2306,2307,2308,2309,2313,2314,2315,2316,2318,2319,2320,2321,2323,2325,2326,2327,2328,2329,2330,2331,2333,2334,2335,2336,2337,2339,2340,2341,2342,2343,2344,2345,2346,2347,2348,2349,2350,2351,2352,2353,2354,2355,2356,2357
394,2359,2360,2363,2364,2365,2366,2367,2368,2369,2370,2371,2372
395,2373,2374,2375,2376,2378,2379,2380,2382,2384,2385,2388
396,2389
397,2390
398,2391,2392,2394
399,2395,2396,2397,2398,2399,2400,2402,2404,2405,2406,2407,2408,2409,2410,2413,2414
400,2418,2419,2420,2421,2422,2423,2424,2425,2426,2427,2429,2430,2431,2432,2434,2435,2436,2437,2438,2439,2440
401,2441,2445,2446,2447,2448,2450,2451,2456,2461,2462,2463,2464,2465,2466,2469,2472,2474,2478,2479,2484,2485,2486,2487,2490,2492,2493,2496,2497,2498,2499,2502
402,2503,2504,2508,2514
403,2517,2519,2520,2523,2526,2527,2532
404,2533
405,2534
406,2535,2537
407,2539,2543,2544,2548,2554,2558,2560
408,2562,2566,2568,2569,2573,2574,2575,2576,2578,2580,2581,2582,2583,2584
409,2585,2593,2594,2596,2601,2603,2605,2609,2613,2616,2617,2624,2629,2630,2638,2639,2641,2643,2645,2646
410,2647,2652,2654,2659
411,2661,2666,2669,2670,2674,2675
412,2677
413,2678
414,2679,2681
415,2683,2685,2687,2688,2689,2691,2692,2693,2694,2695,2697,2698,2699,2701,2702,2703,2704,2705
416,2706,2707,2708,2709,2710,2711,2712,2713,2714,2715,2716,2717,2718,2719,2720,2721,2722,2723,2724,2725,2726,2727,2728
417,2729,2730,2732,2735,2736,2737,2739,2744,2747,2748,2749,2752,2753,2754,2757,2759,2763,2764,2766,2768,2769,2771,2772,2776,2777,2781,2782,2784,2786,2787
418,2791,2792,2794,2800,2804
419,2805,2806,2809,2811,2813,2814,2815,2816,2820
420,2821
421,2822
422,2823,2824,2825,2826
423,2827,2829,2832,2834,2837,2838,2840,2841,2842,2843,2844,2846,2847,2848
424,2850,2851,2852,2854,2855,2856,2857,2858,2859,2860,2864,2865,2866,2868,2869,2870,2872
425,2873,2874,2875,2878,2879,2880,2881,2882,2884,2885,2887,2889,2890,2891,2892,2893,2894,2895,2896,2897,2898,2899,2900,2902,2903,2904,2905,2906,2908,2909,2910,2911,2912,2913,2914,2916,2918,2919,2923,2925,2926,2927,2929,2930,2931,2932,2933,2934
426,2935,2939
427,2949,2950,2956,2958,2960,2961,2963,2964
428,2965
429,2966
430,2967,2968,2969,2970
431,2971,2972,2973,2974,2975,2976,2977,2978,2980,2981,2982,2983,2985,2986,2987,2988,2989,2990,2991,2992,2993
432,2994,2999,3004,3006,3014
433,3017,3025,3066
434,3079,3080,3082,3083,3087,3088,3089,3090,3091,3092
435,3093,3094,3095,3096,3097,3098,3099,3101,3102,3104,3105,3106,3107,3108
436,3109
437,3110
438,3111,3113,3114
439,3115,3122
440,3138,3141,3142,3145,3146,3150,3154,3156,3159
441,3161,3162,3163,3164,3168,3169,3172,3175,3177,3178,3183,3186,3187,3191,3192,3194,3196,3200,3201,3202,3203,3204,3205,3207,3208,3209,3211,3212,3215,3216,3217,3218
442,3223,3224,3225,3226,3227,3228,3229,3230,3231,3232,3233,3234,3235,3236
443,3237,3239,3249
444,3253
445,3254
446,3255,3256,3257,3258
447,3259,3260,3261,3262,3264,3265,3266,3268,3269,3271,3273,3274,3277,3279,3280,3281
448,3282,3283,3285,3287,3289,3290,3291,3293,3294,3295,3296,3297,3298,3299,3300,3301,3303,3304
449,3305,3306,3307,3308,3309,3311,3312,3313,3314,3315,3316,3317,3318,3319,3320,3321,3324,3325,3326,3327,3328,3330,3331,3332,3335,3336,3338,3340,3342,3343,3345,3346,3347,3348,3349,3350,3351,3352,3353,3355,3356,3358,3359,3360,3361,3362,3363,3364,3365,3366
450,3367,3376
451,3381,3382,3383,3384,3385,3386,3387,3388,3389,3390,3391,3392,3393,3394,3395,3396
452,3397
453,3398
454,3399,3402
455,3403,3412,3418,3419
456,3426,3431,3436,3437,3440,3441,3446,3448
457,3449,3450,3451,3452,3453,3454,3455,3456,3457,3458,3459,3460,3461,3462,3463,3465,3466,3467,3468,3469,3470,3471,3472,3473,3474,3475,3476,3477,3478,3479,3480,3481,3482,3483,3486,3489,3490,3491,3492,3493,3494,3495,3496,3497,3499,3500,3501,3503,3504,3505,3506,3507,3508,3509,3510
458,3511,3513,3514,3517,3519,3520,3522,3524
459,3525,3527,3530,3532,3538
460,3541
461,3542
462,3543,3544,3546
463,3547,3548,3549,3550,3551,3552,3553,3554,3555,3556,3557,3558,3559,3560,3561,3562,3563,3564,3565,3566,3567,3568,3569
464,3570,3571,3572,3574,3575,3576,3578,3579,3580,3581,3583,3584,3585,3586,3587,3588,3589,3590,3591,3592
465,3593,3595,3601,3602,3603,3604,3606,3607,3608,3609,3610,3612,3613,3615,3616,3618,3623,3625,3627,3628,3629,3630,3632,3633,3635,3637,3638,3639,3640,3641,3644,3645,3646,3649,3651,3653,3654
466,3655,3657,3659,3660,3663,3664,3667,3668
467,3669,3679,3682
468,3685
469,3686
470,3687,3688,3689
471,3691,3700,3708
472,3714,3715,3718,3725,3729
473,3737,3749,3751,3760,3772,3778,3785,3793,3795
474,3799,3805,3806,3807,3812
475,3813,3814,3815,3816,3818,3819,3820,3821,3822,3823,3824,3825,3826,3827,3828
476,3829
477,3830
478,3831,3832,3833,3834
479,3835,3836,3840,3842,3844,3845,3848,3849,3851,3853,3855,3857
480,3858,3862,3864,3867,3873
481,3881,3882,3892,3893,3898,3900,3901,3904,3905,3908,3910,3926,3928,3932,3933,3939
482,3943,3944,3945,3946,3947,3948,3949,3950,3951,3952,3953,3954,3955,3956
483,3957,3958,3959,3960,3962,3963,3965,3966,3967,3968,3970,3971
484,3973
485,3974
486,3975,3977,3978
487,3979,3980,3981,3983,3985,3986,3987,3988,3990,3991,3992,3993,3995,3996,3997,3999,4000
488,4002,4003,4004,4005,4006,4007,4008,4009,4012,4013,4014,4015,4016,4017,4020,4022,4023,4024
489,4025,4027,4028,4029,4030,4034,4035,4036,4039,4040,4041,4043,4047,4048,4049,4050,4051,4052,4054,4055,4056,4057,4059,4062,4065,4066,4067,4068,4069,4070,4071,4073,4074,4076,4077,4078,4081,4083,4085,4086
490,4087,4088
491,4101,4102,4103,4106,4112,4113,4116
492,4117
493,4118
494,4119,4120,4121,4122
495,4123,4124,4125,4127,4128,4130,4133,4134,4137,4139,4140,4142,4143,4144
496,4146,4147,4148,4149,4150,4152,4154,4156,4157,4158,4160,4161,4162,4163,4164,4165,4166,4167,4168
497,4169,4194
498,4231,4232,4233,4234,4235,4236,4237,4238,4239,4240,4241,4242,4243,4244
499,4245,4247,4251,4255,4258,4259
500,4261
501,4262
502,4263,4264,4265
503,4267,4277
504,4290,4293,4295,4298,4300,4303,4306,4309,4310,4312
505,4313,4314,4316,4317,4318,4319,4320,4321,4322,4323,4324,4326,4327,4328,4329,4330,4331,4332,4333,4334,4335,4336,4337,4338,4339,4340,4341,4342,4343,4344,4345,4346,4347,4349,4350,4351,4352,4353,4354,4355,4357,4358,4359,4360,4361,4362,4363,4364,4365,4368,4369,4370,4371,4373
506,4375,4376,4378,4379,4380,4381,4382,4384,4385,4386
507,4389,4403
508,4405
509,4406
510,4407,4409
511,4411,4413,4414,4415,4417,4418
512,4434,4435,4439,4440,4441,4444,4447,4448,4450,4453,4454
513,4457,4460,4467,4468,4473,4490,4493,4509
514,4519,4520,4521,4525,4527,4528,4529,4530,4532
515,4533,4540,4543
516,4549
517,4550
518,4551,4552,4553,4554
519,4555,4556,4558,4559,4561,4562,4564,4565,4567,4568,4571,4572,4573,4576,4577
520,4578,4579,4580,4582,4583,4584,4585,4586,4587,4589,4590,4591,4592,4593,4594,4595,4596,4597,4598,4600
521,4601,4602,4612,4646
522,4663,4664,4665,4668,4671,4672
523,4677,4681,4682,4683,4685,4686,4688,4689,4690,4692
524,4693
525,4694
526,4695
527,4699,4700,4701,4702,4703,4704,4705,4706,4707,4708,4709,4710,4712,4713,4714,4716,4717,4719,4720,4721
528,4722,4725,4726,4727,4728,4729,4730,4731,4732,4734,4735,4736,4737,4738,4739,4740,4741,4742,4743
529,4745,4748,4750,4751,4762,4765,4772,4775,4776,4778,4792,4798,4802,4806
530,4807,4810,4812,4816
531,4821,4822,4831,4835
532,4837
533,4838
534,4839,4842
535,4843,4844,4845,4846,4847,4848,4850,4852,4853,4854,4855,4856,4857,4858,4860,4861,4863,4864,4865
536,4866,4867,4869,4875,4883,4887
537,4889,4890,4891,4893,4895,4896,4899,4900,4901,4902,4904,4905,4906,4907,4908,4910,4911,4914,4915,4916,4917,4918,4919,4920,4922,4923,4926,4931,4932,4934,4935,4936,4937,4938,4939,4940,4942,4945,4947,4948
538,4951,4952,4954,4955,4958,4959,4962
539,4965,4967,4968,4973,4974,4976,4978,4979
540,4981
541,4982
542,4983,4984,4985,4986
543,4987,4988,4989,4990,4991,4992,4993,4995,4997,5000,5001,5003,5005,5007
544,5010,5012,5014,5016,5017,5018,5021,5028,5032
545,5033,5037,5041,5043,5044,5046,5050,5056,5057,5062,5066,5067,5068,5071,5072,5073,5074,5075,5077,5078,5079,5080,5082,5084,5085,5088,5090,5094
546,5095,5096,5097,5098,5099,5100,5101,5103,5104,5105,5106,5107,5108
547,5109,5110,5112,5113,5114,5115,5116,5117,5118,5119,5121,5123
548,5125
549,5126
550,5127,5128,5130
551,5131,5132,5133,5134,5135,5136,5137,5138,5139,5140,5141,5142,5143,5144,5145,5146,5147,5148,5149,5150,5151,5152,5153
552,5154,5156,5157,5158,5159,5163,5164,5165,5166,5167,5168,5169,5170,5171,5172,5173,5174,5175,5176
553,5177,5178,5191,5198,5202,5207,5210,5215,5217,5231
554,5239,5251
555,5253,5254,5255,5256,5257,5258,5259,5261,5262,5263,5265,5266,5267,5268
556,5269
557,5270
558,5271,5273,5274
559,5275,5276,5279,5281,5282,5284,5286,5287,5288,5289,5290,5292,5295
560,5298,5300,5301,5302,5305,5307,5308,5310,5316,5317,5320
561,5321,5322,5326,5327,5329,5333,5336,5339,5344,5349,5352,5353,5355,5356,5357,5359,5361,5362,5363,5371,5373,5380,5381,5382
562,5383,5388,5390,5392
563,5397,5401
564,5413
565,5414
566,5415,5417
567,5419,5420,5421,5422,5424,5425,5426,5427,5428,5429,5432,5433,5434,5436,5437,5438,5440,5441
568,5442,5443,5444,5449,5453,5454,5456,5457,5459,5460,5461,5463,5464
569,5465,5466,5468,5470,5471,5472,5473,5474,5476,5477,5478,5479,5480,5481,5483,5485,5486,5488,5490,5491,5492,5493,5494,5495,5497,5498,5499,5501,5503,5504,5506,5507,5508,5511,5513,5514,5515,5518,5523,5526
570,5527,5528,5530,5536,5538,5539
571,5541,5544,5547,5549,5550,5551,5554,5555
572,5557
573,5558
574,5559,5561
575,5563,5564,5567,5568,5570,5571,5572,5573,5576,5577,5578,5582,5583,5585
576,5586,5587,5588,5589,5590,5591,5592,5593,5594,5595,5596,5597,5598,5599,5600,5601,5602,5603,5604,5605,5606,5607,5608
577,5609,5611,5612,5614,5615,5616,5617,5618,5620,5621,5622,5624,5625,5627,5628,5629,5630,5631,5633,5637,5639,5640,5641,5642,5643,5644,5646,5647,5648,5649,5650,5651,5652,5654,5656,5657,5658,5662,5663,5666,5667,5668,5669,5670
578,5671,5672,5673,5675,5676,5677,5679
579,5685,5686,5687,5688,5689,5690,5692,5693,5694,5695,5696,5697,5698,5699,5700
580,5701
581,5702
582,5703,5704,5705
583,5707,5709,5710,5712,5716,5721,5723,5724,5725,5726
584,5730,5735,5745,5750
585,5753,5759,5772,5773,5784,5786,5790,5791,5803
586,5815,5823,5826,5828
587,5829,5830,5831,5832,5834,5835,5836,5837,5838,5839,5840,5841,5842,5843
588,5845
589,5846
590,5847,5849,5850
591,5851,5852,5853,5854,5855,5856,5857,5858,5859,5860,5862,5863,5864,5865,5866,5867,5868,5869,5870,5871,5872
592,5874,5875,5876,5877,5878,5879,5880,5881,5883,5884,5885,5887,5888,5890,5892,5896
593,5897,5899,5903,5905,5908,5918,5923,5934,5938,5941,5942,5951,5953,5954,5956
594,5959,5960,5961,5965,5967,5968,5969,5972
595,5973,5975,5978,5979,5981,5982,5983,5984,5985
596,5989
597,5990
598,5991
599,5995,5996,5997,5998,6000,6001,6002,6003,6004,6006,6007,6009,6010,6011,6012,6013,6014,6015,6016,6017
600,6018,6019,6021,6022,6023,6026,6027,6028,6029,6032,6033,6034,6035,6037
601,6041,6042,6044,6046,6047,6048,6049,6050,6052,6053,6056,6057,6059,6060,6061,6062,6063,6064,6065,6069,6070,6071,6073,6074,6075,6076,6077,6078,6080,6081,6083,6085,6086,6087,6090,6091,6092,6093,6094,6098,6100,6101,6102
602,6103,6105,6108,6109,6114,6115,6116
603,6117,6118,6119,6120,6121,6122,6123,6124,6125,6126,6127,6128,6129,6130,6131,6132
604,6133
605,6134
606,6135,6136,6137,6138
607,6139,6142,6146,6147,6160
608,6162,6164,6165,6166,6169,6170,6171,6172,6174,6175,6177,6178,6179,6182
609,6185,6186,6189,6191,6195,6196,6200,6201,6205,6206,6207,6217,6219,6221,6222,6229,6230,6232,6233,6239,6241,6243
610,6247,6248,6255,6259
611,6261,6263,6272,6273,6274
612,6277
613,6278
614,6279,6280,6281,6282
615,6283,6284,6289,6295,6296,6300,6301,6303
616,6306,6309,6319
617,6329,6330,6331,6332,6334,6335,6337,6338,6339,6340,6341,6342,6343,6344,6345,6347,6348,6349,6350,6351,6353,6354,6355,6356,6357,6358,6359,6360,6361,6362,6363,6364,6365,6366,6367,6368,6369,6370,6371,6373,6374,6375,6376,6377,6378,6379,6380,6381,6382,6383,6384,6385,6387,6388,6389,6390
618,6391,6395,6398,6399,6400,6404
619,6405,6406,6407,6410,6412,6413,6414,6415,6418,6419,6420
620,6421
621,6422
622,6423,6424
623,6427,6428
624,6450,6451,6452,6453,6454,6455,6456,6457,6459,6460,6461,6462,6463,6464,6465,6466,6467,6468,6469,6470,6471,6472
625,6473,6475,6476,6479,6501,6502,6513,6515,6516,6517,6520,6526,6529
626,6535,6541,6547
627,6549,6550,6551,6555,6558,6559
628,6565
629,6566
630,6567,6568,6569,6570
631,6571,6574,6575,6577,6580,6581,6582,6584,6585,6588,6589,6590,6591,6592
632,6594,6595,6596,6597,6598,6600,6602,6603,6604,6605,6606,6607,6610,6611,6612,6614,6615
633,6617,6643,6650,6656,6663,6678
634,6679,6681,6685,6691
635,6693,6695
636,6709
637,6710
638,6711,6713,6714
639,6715,6734
640,6738,6739,6742,6743,6744,6745,6747,6749,6751,6754,6755,6756
641,6761,6764,6765,6767,6768,6770,6775,6776,6779,6782,6786,6793,6795,6797,6798,6799,6807,6814,6815,6817,6818,6820,6821
642,6823,6824,6827,6828,6829,6830,6831,6833,6835
643,6837,6838,6840,6841,6842,6844,6846,6847,6848,6849,6850,6851
644,6853
645,6854
646,6855,6857
647,6859,6860,6861,6862,6863,6864,6865,6867,6868,6869,6870,6871,6872,6874,6875,6876,6878,6880,6881
648,6882,6895,6898,6900,6901,6902
649,6905,6906,6908,6909,6911,6913,6914,6915,6917,6918,6919,6920,6921,6922,6924,6925,6926,6927,6928,6929,6930,6932,6933,6934,6935,6936,6937,6938,6940,6941,6942,6943,6944,6945,6947,6948,6949,6952,6953,6954,6955,6957,6958,6959,6960,6961,6963,6964,6966
650,6967,6968,6969,6972,6975,6978,6979,6980
651,6981,6983,6989,6992
652,6997
653,6998
654,6999,7000,7001,7002
655,7003,7004,7007,7010,7011,7013,7014,7015,7017,7018,7019,7020,7022,7023,7025
656,7026,7030,7039
657,7049,7051,7056,7060,7064,7065,7066,7070,7074,7077,7080,7085,7087,7094,7102,7106,7107
658,7111,7114,7115,7116,7117,7118,7120,7121,7122,7123
659,7125,7126,7130,7135,7140
660,7141
661,7142
662,7143,7144,7146
663,7147,7148,7149,7150,7152,7154,7156,7157,7158,7159,7161,7162,7163,7165,7166,7167,7168
664,7170,7175,7177,7178,7182,7185,7190,7191
665,7193,7200,7212,7218,7231,7234,7241
666,7255,7256,7257,7258,7259,7260,7261,7263,7264,7265,7266,7267,7268
667,7269,7270,7276,7277,7278,7280,7281
668,7285
669,7286
670,7287,7288
671,7291,7297
672,7314,7315,7316,7317,7318,7319,7320,7321,7322,7324,7326,7327,7328,7330,7332,7334,7335,7336
673,7337,7338,7347,7348,7350,7353,7354,7355,7357,7358,7359,7360,7361,7362,7363,7364,7365,7367,7368,7371,7372,7373,7374,7375,7378,7379,7380,7381,7382,7383,7386,7387,7388,7389,7392,7393,7394,7395,7397
674,7399,7403,7404,7406,7407,7410,7411,7412
675,7413,7414,7415,7417,7418,7420,7421,7422,7423,7424,7425,7428
676,7429
677,7430
678,7431,7433
679,7435,7436,7439,7440,7441,7442,7445,7447,7448,7449,7450,7451,7452,7454,7455,7457
680,7458,7462,7480
681,7481,7482,7484,7485,7486,7487,7488,7491,7492,7495,7497,7499,7500,7501,7504,7505,7506,7508,7509,7510,7512,7513,7514,7515,7516,7517,7518,7520,7522,7523,7524,7525,7526,7527,7528,7533,7534,7535,7536,7537,7538,7539,7541,7542
682,7543,7544,7545,7546,7550,7552,7555,7556
683,7557,7558,7559,7561,7562,7563,7564,7567,7568,7569,7571
684,7573
685,7574
686,7575,7578
687,7579,7583,7595
688,7602,7603,7604,7605,7606,7607,7608,7610,7611,7612,7613,7614,7617,7618,7619,7620,7621,7622,7623,7624
689,7625,7626,7633,7634,7635,7638,7641,7642,7644,7645,7648,7650,7652,7653,7654,7655,7658,7659,7660,7663,7665,7667,7668,7669,7671,7672,7676,7677,7680,7681,7682,7685
690,7687,7689,7690,7693
691,7701,7702,7703,7704,7710,7712,7713,7714,7716
692,7717
693,7718
694,7719,7720,7721,7722
695,7723,7724,7725,7727,7729,7730,7731,7732,7733,7734,7737,7738,7739,7740,7741,7742,7743,7745
696,7746,7747,7757,7764,7765,7766
697,7769,7770,7771,7772,7773,7774,7776,7778,7779,7782,7783,7785,7786,7787,7789,7790,7791,7792,7793,7794,7795,7796,7797,7799,7800,7801,7802,7803,7807,7808,7809,7810,7812,7813,7814,7816,7817,7818,7821,7822,7825,7827,7828,7829
698,7831,7832,7833,7834,7841,7842,7843,7844
699,7845,7846,7851,7852,7853,7854,7855,7856,7857,7858,7859,7860
700,7861
701,7862
702,7863,7865
703,7867,7869,7871,7873,7875,7876,7878,7881,7882,7884,7889
704,7890,7891,7892,7893,7894,7896,7897,7898,7900,7901,7902,7903,7906,7907,7909,7910,7912
705,7913,7919,7928,7930,7932,7941,7946,7950,7959,7974
706,7975,7984,7985,7986,7987,7988
707,7989,7990,7992,7998,7999,8002,8003
708,8005
709,8006
710,8007,8010
711,8011,8012,8013,8014,8015,8016,8017,8018,8019,8020,8021,8022,8023,8025,8026,8027,8028,8029,8031,8032,8033
712,8034,8035,8036,8037,8038,8039,8041,8042,8043,8044,8045,8048,8049,8050,8051,8052,8053,8054,8055,8056
713,8057,8066,8069,8075,8079,8086,8095,8098,8104,8105,8109
714,8119,8120,8121,8122,8127,8130
715,8133,8134,8136,8137,8138,8139,8140,8141,8142,8143,8144,8146,8147,8148
716,8149
717,8150
718,8151,8152,8153
719,8155,8156,8157,8158,8159,8161,8162,8163,8164,8165,8166,8167,8168,8169,8170,8171,8172,8173,8174,8175,8176,8177
720,8178,8180,8182,8186,8187,8195,8197
721,8201,8202,8203,8204,8205,8206,8207,8209,8210,8211,8212,8213,8214,8215,8216,8217,8218,8219,8220,8221,8222,8224,8225,8226,8227,8228,8230,8231,8232,8233,8234,8236,8237,8238,8239,8240,8241,8242,8243,8244,8246,8247,8248,8249,8250,8251,8252,8253,8254,8255,8256,8257,8258,8259,8260,8261,8262
722,8263,8264,8266,8270,8271,8274,8276
723,8277,8282,8284,8285,8286,8290
724,8293
725,8294
726,8295,8297,8298
727,8299,8302,8311,8312,8314,8316
728,8322,8323,8324,8325,8326,8327,8328,8329,8330,8331,8332,8333,8337,8339,8340,8341,8342
729,8345,8346,8348,8349,8350,8351,8352,8353,8354,8355,8356,8357,8358,8359,8361,8363,8364,8365,8366,8369,8370,8372,8373,8374,8375,8376,8378,8380,8381,8382,8383,8384,8385,8386,8387,8389,8390,8391,8392,8393,8394,8395,8396,8397,8398,8399,8401,8403,8405
730,8407,8409,8410,8411,8412,8413,8414,8415,8416,8418,8419,8420
731,8421,8422,8423,8424,8425,8427,8428,8429,8430,8431,8432,8433,8434,8436
732,8437
733,8438
734,8439
735,8443,8446,8448,8457
736,8466,8469,8470,8473,8486,8487
737,8489,8490,8491,8492,8493,8495,8496,8498,8499,8504,8511,8514,8520,8526,8527,8529,8530,8532,8533,8534,8535,8536,8537,8539,8541,8542,8544,8546
738,8551,8553,8554,8563
739,8565,8567,8570,8571,8572,8573,8577,8578,8579
740,8581
741,8582
742,8583,8584,8585
743,8587,8588,8589,8590,8591,8592,8593,8596,8600,8601,8603,8605,8607,8609
744,8610,8611,8612,8613,8614,8615,8617,8618,8619,8620,8622,8624,8626,8627,8628,8630,8631,8632
745,8633,8636,8641,8648,8651,8656,8657,8672,8677,8680,8681,8683,8684,8686,8687,8688
746,8695,8698,8700,8701
747,8709,8710,8711,8713,8714,8716,8717,8719,8720,8723
748,8725
749,8726
750,8727,8729
751,8731,8733,8734,8736,8737,8738,8739,8740,8741,8742,8745,8746,8747,8751
752,8754,8755,8756,8757,8759,8760,8761,8762,8764,8765,8766,8767,8768,8769,8771,8773,8774,8775,8776
753,8777,8778,8782,8785,8786,8787,8789,8795,8796,8798,8799,8800,8801,8803,8807,8809,8811,8814,8820,8823,8824,8828,8831,8832,8835,8838
754,8839,8840,8841,8842,8843,8845,8847,8849,8850,8852
755,8853,8854,8855,8856,8857,8858,8859,8860,8861,8862,8863,8864,8866,8867,8868
756,8869
757,8870
758,8871,8872
759,8875,8876,8877,8878,8883,8884,8886,8887,8890,8891,8892,8893,8894,8895,8896
760,8898,8906,8911,8915,8918,8919,8920
761,8921,8923,8939,8941,8942,8957,8967,8968,8971,8978,8980
762,8983,8984,8985,8986,8987,8988,8989,8990,8991,8992,8994,8995,8996
763,8997,8999,9003,9005,9006,9007,9010,9011,9012
764,9013
765,9014
766,9015,9018
767,9019,9020,9021,9026,9037
768,9042,9044,9045,9046,9050,9051,9052,9053,9054,9056,9058,9060,9062,9064
769,9065,9069,9079,9080,9081,9082,9085,9088,9091,9092,9095,9097,9103,9105,9107,9109,9114,9115,9116,9118,9119,9122,9124,9125
770,9127,9128,9129,9130,9133,9134,9136,9137,9138
771,9141,9142,9143,9148,9149,9150,9153,9154
772,9157
773,9158
774,9159,9161
775,9163,9165,9166,9168,9170,9171,9172,9173,9174,9175,9176,9178,9179,9181,9182,9184,9185
776,9186,9187,9192,9195,9196,9198,9202,9205
777,9209,9210,9211,9215,9216,9217,9218,9221,9227,9231,9235,9237,9242,9246,9247,9248,9249,9251,9253,9256,9259,9263,9265,9266,9269,9270
778,9271,9277,9279,9281
779,9285,9286,9290,9291,9294,9295,9298,9300
780,9301
781,9302
782,9303,9306
783,9307,9308,9309,9310,9311,9312,9313,9314,9315,9318,9319,9320,9321,9322,9323,9325,9326,9327,9328,9329
784,9330,9341,9343,9347
785,9353,9365,9375,9380,9395,9406
786,9415,9416,9417,9418,9419,9420,9421,9422,9424,9425,9426,9428
787,9429,9430,9431,9432,9433,9434,9435,9436,9437,9438,9439,9440,9441,9442,9443,9444
788,9445
789,9446
790,9447,9448,9449,9450
791,9451,9455,9456,9458,9460,9462,9469,9470
792,9474,9475,9477,9478,9479,9480,9482,9483,9484,9485,9488,9489,9491,9492,9493
793,9497,9498,9501,9505,9506,9507,9508,9509,9510,9512,9513,9514,9515,9516,9517,9519,9520,9522,9524,9525,9526,9527,9528,9529,9532,9533,9535,9536,9537,9539,9542,9544,9546,9547,9548,9550,9551,9552,9553,9554,9556,9557,9558
794,9559,9560,9561,9562,9564,9566,9568,9570,9572
795,9573,9574,9575,9576,9577,9578,9579,9580,9581,9582,9583,9585,9586,9587,9588
796,9589
797,9590
798,9591,9592
799,9595,9597,9600,9602,9604,9612
800,9618,9622,9630,9639
801,9641,9642,9643,9644,9645,9646,9647,9648,9650,9651,9652,9653,9655,9656,9657,9659,9660,9661,9662,9663,9665,9666,9667,9668,9669,9670,9671,9672,9673,9674,9675,9676,9677,9678,9679,9680,9681,9683,9684,9685,9686,9687,9688,9689,9690,9691,9692,9693,9694,9695,9696,9697,9698,9699,9700,9702
802,9703,9707,9708,9712,9715
803,9717,9718,9719,9721,9722,9723,9724,9726,9727,9730,9731
804,9733
805,9734
806,9735,9738
807,9739,9741,9744,9759
808,9762,9764,9765,9766,9767,9768,9769,9770,9771,9772,9773,9774,9775,9776,9777,9778,9779,9780,9781,9783,9784
809,9785,9786,9789,9802,9803,9804,9811,9816,9824,9827,9836,9840,9842,9845
810,9847,9848,9849,9850,9851,9855,9857,9858,9859,9860
811,9861,9866,9869,9871,9874,9876
812,9877
813,9878
814,9879,9880,9882
815,9883,9884,9885,9887,9888,9889,9891,9892,9893,9894,9896,9898,9899,9901,9902,9903,9904,9905
816,9906,9907,9908,9909,9910,9911,9912,9913,9914,9915,9916,9917,9918,9919,9920,9921,9922,9923,9925,9926,9927,9928
817,9929,9930,9931,9932,9933,9935,9936,9938,9942,9943,9944,9945,9947,9948,9950,9951,9953,9954,9955,9956,9963,9964,9965,9966,9967,9969,9970,9973,9974,9975,9976,9977,9978,9979,9980,9981,9982,9983,9984,9985,9987,9988,9989
818,9991,9992,9993,9995,9996,9998,10000,10001,10002,10003
819,10005,10006
820,10021
821,10022
822,10023,10025
823,10027,10028,10029,10030,10031,10032,10033,10034,10035,10036,10037,10038,10039,10040,10041,10043,10044,10045,10046,10048,10049
824,10050,10051,10052,10053,10054,10055,10058,10059,10063,10065,10067,10068,10069,10072
825,10073,10075,10076,10077,10079,10080,10082,10084,10086,10087,10091,10092,10099,10100,10106,10108,10109,10112,10114,10117,10118,10124,10125,10126,10127,10128,10129,10134
826,10135,10136,10137,10138,10139,10140,10141,10142,10143,10144,10145,10146,10147,10148
827,10149,10151,10153,10155,10157,10160,10162,10163
828,10165
829,10166
830,10167,10168,10170
831,10171,10173,10178,10180,10181,10184,10185,10189,10190,10191,10192,10193
832,10194,10195,10196,10197,10198,10199,10200,10201,10203,10204,10205,10206,10207,10209,10210,10211,10212,10213,10214,10215
833,10217,10218,10220,10221,10222,10224,10227,10230,10231,10232,10234,10239,10241,10245,10246,10247,10248,10250,10253,10255,10258,10260,10261,10262,10263,10266,10269,10270,10271,10272,10274,10277
834,10279,10283,10285,10286,10288,10291
835,10293,10299
836,10309
837,10310
838,10311,10314
839,10315,10316,10317,10318,10320,10322,10324,10326,10327,10328,10329,10330,10332,10333,10335,10336
840,10338,10340,10350
841,10361,10363,10366,10370,10371,10372,10373,10375,10376,10380,10382,10383,10384,10386,10389,10393,10394,10396,10397,10398,10400,10401,10403,10405,10407,10408,10411,10413,10416,10417,10418,10420
842,10423,10424,10425,10426,10427,10428,10429,10432,10433,10435,10436
843,10437,10438,10439,10440,10441,10442,10443,10444,10445,10446,10447,10449,10451,10452
844,10453
845,10454
846,10455,10456,10458
847,10459,10460,10461,10462,10463,10464,10465,10466,10467,10468,10469,10470,10471,10472,10476,10477,10478,10480,10481
848,10482,10483,10484,10485,10486,10487,10488,10489,10490,10492,10493,10494,10495,10496,10497,10499,10500,10501,10502
849,10505,10506,10508,10513,10514,10522,10528,10529,10530,10532,10535,10536,10539,10540,10546,10548,10549,10556,10558,10559,10561,10562
850,10567,10568,10571,10572,10574,10577,10578
851,10581,10582,10584,10585,10588,10591,10592,10593,10594
852,10597
853,10598
854,10599
855,10603,10613
856,10626,10627,10631,10632,10634,10636,10638,10639,10640,10641,10644,10647
857,10649,10650,10651,10652,10653,10654,10655,10656,10657,10658,10659,10660,10661,10662,10663,10664,10665,10666,10667,10668,10669,10670,10671,10672,10673,10674,10675,10676,10677,10678,10679,10680,10681,10682,10683,10684,10685,10686,10687,10688,10689,10690,10691,10692,10693,10694,10695,10696,10697,10698,10699,10700,10701,10702,10703,10704,10705,10706,10707,10708,10709,10710
858,10711,10712,10717,10719,10720,10721,10724
859,10725,10730,10734,10737,10740
860,10741
861,10742
862,10743,10746
863,10747,10748,10749,10751,10752,10754,10755,10757,10759,10760,10761,10762,10763,10764,10766,10767,10768
864,10770,10784,10788
865,10793,10795,10796,10799,10804,10813,10815,10827,10829,10833,10835,10836,10839,10844,10845,10846,10848,10850,10851
866,10855,10868
867,10869,10870,10872,10876,10878
868,10885
869,10886
870,10887,10890
871,10891
872,10914,10917,10918,10919,10926,10929,10930,10931,10934,10936
873,10937,10941,10959,10960,10964,10971,10972,10985,10987,10988
874,10999,11007,11011
875,11013,11014,11015,11018,11021,11024,11025,11027
876,11029
877,11030
878,11031,11032,11033
879,11035,11040,11055,11057
880,11058,11062,11063,11069,11078
881,11081,11083,11085,11086,11087,11088,11090,11091,11092,11093,11094,11095,11096,11097,11098,11099,11100,11101,11102,11103,11104,11105,11107,11108,11109,11110,11111,11112,11113,11114,11115,11116,11117,11118,11119,11120,11121,11122,11123,11125,11126,11127,11128,11129,11130,11131,11133,11134,11135,11136,11137,11138,11139,11140,11141,11142
882,11143,11145,11147,11148,11149,11151,11152,11153,11155,11156
883,11157,11168
884,11173
885,11174
886,11175,11176,11177,11178
887,11179,11180,11189,11190,11196,11200
888,11202,11203,11205,11206,11207,11208,11209,11210,11211,11212,11214,11215,11217,11219,11221,11222,11223,11224
889,11225,11229,11230,11231,11232,11233,11235,11236,11237,11238,11239,11241,11242,11243,11244,11245,11246,11250,11252,11254,11257,11258,11259,11260,11261,11262,11263,11264,11265,11266,11267,11268,11269,11270,11271,11272,11273,11274,11275,11276,11277,11278,11279,11280,11282,11284,11285,11286
890,11287,11289,11292
891,11301,11303,11308,11313,11314,11316
892,11317
893,11318
894,11319,11320
895,11323,11324,11325,11326,11327,11328,11329,11330,11334,11339,11340,11341,11342,11344,11345
896,11346,11349,11351,11354,11355,11356,11357,11358,11359,11360,11361,11362,11363,11366
897,11369,11370,11374,11375,11376,11379,11380,11381,11382,11384,11386,11388,11389,11390,11391,11392,11394,11395,11396,11398,11399,11400,11401,11402,11403,11404,11405,11406,11407,11409,11410,11411,11412,11414,11416,11417,11418,11419,11421,11422,11424,11425,11426,11427,11428,11429,11430
898,11431,11432,11433,11434,11436,11437,11438,11439,11440,11442,11444
899,11445,11446,11449,11450,11453,11455,11457,11458,11459,11460
900,11461
901,11462
902,11463,11465
903,11467,11468,11469,11470,11471,11472,11473,11474,11475,11476,11477,11478,11479,11480,11481,11482,11483,11484,11485,11486,11487,11488,11489
904,11490,11491,11493,11496,11498,11500,11502,11507,11508,11509
905,11513,11518,11519,11521,11525,11526,11527,11528,11531,11533,11538,11542,11544,11546,11548,11550,11552,11553,11557,11560,11566,11567,11568,11570,11571,11573
906,11575,11578,11580,11581,11583,11585,11587
907,11589,11591,11598,11600,11601
908,11605
909,11606
910,11607,11608
911,11611,11614,11617,11619,11621,11622,11625,11627,11628,11630,11632
912,11634,11637,11638,11640,11643,11651,11656
913,11657,11658,11659,11661,11662,11663,11664,11665,11666,11668,11669,11670,11671,11672,11674,11675,11677,11678,11679,11681,11683,11684,11685,11686,11687,11690,11692,11693,11694,11696,11698,11699,11700,11701,11702,11703,11704,11705,11708,11710,11711,11712,11713,11714,11715,11716,11718
914,11719,11720,11721,11729,11731
915,11733,11734,11737,11738,11740,11742,11744,11746,11748
916,11749
917,11750
918,11751,11752,11753,11754
919,11755,11756,11757,11758,11759,11760,11761,11762,11763,11764,11765,11766,11767,11768,11769,11770,11771,11772,11773,11774,11775,11776,11777
920,11778,11779,11780,11782,11784,11786,11787,11788,11790,11791,11792,11793,11794,11795,11796,11799,11800
921,11801,11802,11803,11806,11807,11809,11810,11812,11819,11821,11822,11823,11830,11831,11833,11835,11836,11837,11840,11841,11842,11845,11848,11852,11855,11857,11859,11861
922,11863,11874
923,11877,11878,11881,11882,11885,11886,11887,11888,11889,11890,11891
924,11893
925,11894
926,11895,11896
927,11899,11903,11906,11909,11910,11911,11914,11919
928,11922,11923,11924,11926,11928,11931,11932,11934,11937,11939,11942,11943
929,11945,11946,11947,11948,11949,11951,11952,11954,11956,11957,11958,11959,11960,11961,11962,11963,11964,11965,11966,11967,11968,11969,11970,11971,11972,11973,11974,11975,11976,11978,11979,11980,11981,11982,11983,11984,11985,11986,11988,11989,11990,11991,11993,11995,11996,11997,11998,11999,12001,12002,12003,12004,12006
930,12007,12008,12010,12013,12015,12018,12019,12020
931,12021,12023,12029,12030,12034
932,12037
933,12038
934,12039,12042
935,12043,12045,12046,12047,12049,12050,12051,12053,12054,12055,12056,12057,12058,12060,12061,12062,12064,12065
936,12066,12067,12068,12071,12074,12076,12077,12078,12080,12083,12085,12086,12087,12088
937,12089,12090,12091,12093,12094,12095,12096,12097,12098,12099,12101,12102,12103,12104,12106,12107,12110,12112,12113,12114,12115,12116,12117,12118,12119,12120,12121,12122,12123,12124,12125,12126,12127,12128,12129,12130,12131,12132,12133,12134,12135,12136,12137,12138,12139,12140,12141,12142,12144,12146,12147,12148,12149,12150
938,12151,12152,12153,12154,12156,12157,12158,12159,12160,12162,12163,12164
939,12165,12166,12167,12168,12169,12170,12171,12173,12175,12176,12177,12178,12179
940,12181
941,12182
942,12183,12184,12185,12186
943,12187,12191,12192,12193,12195,12196,12198,12199,12200,12201,12202,12203,12204,12205,12206,12207,12208,12209
944,12210,12212,12213,12215,12216,12217,12219,12220,12222,12223,12224,12225,12226,12227,12229,12230,12232
945,12233,12249,12261,12262,12264,12269,12277,12287
946,12295,12296,12302,12304,12308
947,12309,12310,12311,12315,12317,12318,12319,12320
948,12325
949,12326
950,12327,12329,12330
951,12331,12332,12333,12334,12335,12336,12337,12338,12339,12341,12342,12343,12344,12345,12349,12350,12351,12352,12353
952,12354,12359,12370
953,12377,12379,12380,12381,12382,12383,12386,12387,12390,12391,12392,12395,12397,12399,12400,12401,12402,12403,12404,12405,12407,12409,12412,12413,12414,12415,12417,12418,12419,12420,12422,12424,12425,12426,12427,12429,12430,12431,12433,12434,12436,12437
954,12439,12440,12441,12452
955,12453,12454,12455,12459,12465,12466,12467
956,12469
957,12470
958,12471
959,12475,12476,12478,12481,12482,12483,12484,12486,12487,12488,12490,12491,12492,12493,12495,12497
960,12498,12502,12503,12506,12507,12509,12510,12512,12514,12515,12516,12518,12519,12520
961,12521,12522,12523,12524,12525,12526,12527,12529,12530,12531,12533,12534,12535,12536,12538,12540,12541,12542,12543,12545,12546,12547,12548,12549,12550,12552,12554,12555,12556,12557,12558,12559,12560,12561,12562,12563,12564,12565,12566,12568,12569,12571,12572,12573,12574,12576,12577,12578,12579,12580,12582
962,12583,12586,12587
963,12597,12598,12599,12600,12601,12602,12603,12604,12605,12606,12607,12608,12609,12610,12611,12612
964,12613
965,12614
966,12615,12617
967,12619,12622,12631,12632,12641
968,12642,12643,12644,12646,12647,12648,12649,12650,12651,12652,12654,12655,12656,12657,12659,12661,12662,12663,12664
969,12665,12666,12667,12668,12669,12670,12671,12672,12673,12674,12675,12676,12677,12678,12679,12680,12681,12683,12684,12685,12686,12687,12689,12690,12691,12692,12693,12694,12695,12696,12697,12698,12699,12700,12701,12702,12703,12704,12705,12707,12708,12710,12711,12712,12713,12714,12715,12716,12718,12719,12720,12721,12722,12723,12724,12725
970,12727,12730,12736,12740
971,12741,12742,12743,12744,12746,12748,12749,12750,12751,12752,12754,12755
972,12757
973,12758
974,12759,12761
975,12763,12764,12765,12767,12769,12770,12771,12775,12776,12778,12779,12780,12781,12782,12783,12784
976,12786,12788,12790,12792,12793,12796,12799,12801,12802,12804,12805,12806,12807
977,12809,12812,12813,12817,12818,12821,12822,12828,12829,12831,12833,12834,12838,12839,12841,12844,12846,12848,12858,12860,12862,12863,12866,12868,12870
978,12871,12872,12879,12880,12882
979,12885,12887,12889,12890,12894,12895,12898,12899,12900
980,12901
981,12902
982,12903,12904,12905,12906
983,12907,12908,12909,12910,12911,12912,12913,12914,12915,12916,12917,12918,12919,12920,12921,12922,12923,12924,12925,12926,12927,12928,12929
984,12930,12932,12935,12936,12938,12941,12947
985,12953,12954,12957,12959,12960,12961,12962,12963,12965,12966,12967,12968,12970,12971,12972,12973,12975,12976,12977,12978,12979,12980,12981,12982,12983,12984,12985,12986,12987,12988,12989,12990,12991,12992,12993,12994,12995,12996,12997,12998,12999,13000,13002,13003,13004,13005,13006,13007,13008,13010,13011,13012,13013,13014
986,13015,13017,13020,13021,13027
987,13029,13030,13031,13032,13033,13034,13035,13036,13037,13038,13039,13040,13041,13042,13044
988,13045
989,13046
990,13047,13048,13050
991,13051,13052,13053,13054,13055,13056,13059,13060,13061,13062,13063,13064,13065,13066,13067,13068,13069,13070,13071,13072,13073
992,13074,13077,13079,13080,13081,13082,13086,13087,13088,13090,13091,13092,13093,13096
993,13097,13098,13099,13100,13101,13102,13103,13104,13105,13106,13107,13108,13109,13110,13111,13112,13113,13114,13115,13116,13117,13119,13120,13121,13122,13123,13124,13125,13126,13127,13128,13129,13130,13131,13132,13134,13135,13136,13137,13138,13139,13140,13141,13142,13143,13144,13145,13147,13148,13149,13150,13152,13153,13154,13155,13156,13157,13158
994,13159,13161,13163,13164,13168,13169,13172
995,13173,13174,13176,13177,13178,13179,13180,13181,13182,13183,13184,13185,13186,13187,13188
996,13189
997,13190
998,13191,13192,13194
999,13195,13197,13199,13200,13201,13202,13203,13204,13205,13206,13207,13208,13209,13211,13212,13213,13214,13215,13216,13217
1000,13218,13219,13224,13225,13226,13227,13230,13231,13233,13235,13238,13240
1001,13241,13242,13248,13261,13264,13269,13281,13283,13290,13292,13301
1002,13303,13305,13309,13310,13311,13312
1003,13317,13320,13322,13323,13324,13325,13327,13330
1004,13333
1005,13334
1006,13335,13336,13337,13338
1007,13339,13344,13357
1008,13362,13364,13365,13366,13367,13369,13371,13372,13373,13375,13376,13377,13378,13379,13380,13381,13382,13383,13384
1009,13385,13386,13387,13388,13389,13390,13391,13392,13393,13394,13395,13396,13397,13398,13399,13400,13401,13402,13403,13404,13405,13406,13407,13408,13409,13410,13411,13412,13413,13414,13415,13416,13417,13418,13419,13420,13421,13422,13423,13424,13425,13426,13427,13429,13430,13431,13432,13433,13434,13435,13436,13437,13438,13439,13440,13441,13442,13443,13444,13445
1010,13447,13450,13455,13457,13460
1011,13461,13462,13464,13466,13467,13469,13470,13471,13473,13474,13475,13476
1012,13477
1013,13478
1014,13479,13481,13482
1015,13483,13486,13495,13498,13501
1016,13506,13507,13522
1017,13529,13530,13531,13532,13533,13534,13535,13536,13537,13538,13540,13541,13542,13544,13545,13547,13548,13550,13551,13552,13553,13555,13556,13557,13558,13559,13560,13561,13562,13563,13564,13565,13566,13568,13569,13570,13571,13572,13573,13574,13575,13576,13577,13578,13580,13581,13582,13583,13584,13585,13586,13587,13588,13589,13590
1018,13591,13592,13596,13600,13601,13602
1019,13605,13608,13613,13616,13617
1020,13621
1021,13622
1022,13623,13624,13626
1023,13627,13630,13631,13636,13637,13639,13640,13641
1024,13650,13651,13652,13653,13654,13655,13656,13657,13658,13659,13660,13661,13662,13663,13664,13665,13666,13667,13668,13669,13670,13671,13672
1025,13673,13675,13677,13678,13679,13680,13681,13684,13685,13686,13687,13688,13689,13690,13691,13692,13693,13694,13695,13696,13697,13699,13701,13703,13705,13707,13708,13709,13710,13711,13712,13713,13715,13716,13717,13718,13719,13720,13721,13722,13724,13725,13726,13727,13728,13729,13730,13731,13732,13734
1026,13735,13737,13738,13744
1027,13749,13753,13754,13758,13763,13764
1028,13765
1029,13766
1030,13767,13770
1031,13771,13772,13774,13775,13776,13777,13778,13780,13782,13783,13784,13786,13787,13790,13791,13792,13793
1032,13794,13795,13797,13798,13800,13801,13802,13804,13805,13806,13807,13808,13809,13810,13811,13812,13813,13814,13816
1033,13817,13818,13819,13820,13821,13822,13823,13824,13825,13826,13827,13828,13829,13830,13831,13832,13833,13834,13835,13836,13837,13838,13839,13840,13841,13842,13843,13844,13845,13846,13847,13848,13849,13850,13851,13852,13853,13854,13855,13856,13857,13858,13859,13860,13861,13862,13863,13864,13866,13867,13868,13869,13870,13871,13872,13873,13875,13876,13877,13878
1034,13879,13881,13883,13884,13885,13886,13887,13888,13890,13891
1035,13893,13894,13906
1036,13909
1037,13910
1038,13911,13912,13913
1039,13915,13916,13919,13920,13925
1040,13938
1041,13961,13962,13963,13964,13965,13967,13969,13970,13971,13972,13973,13974,13978,13979,13980,13981,13982,13983,13984,13985,13988,13990,13992,13997,14002,14003,14005,14006,14007,14008,14009,14011,14012,14018,14019,14020
1042,14023,14031
1043,14037,14038,14042,14044,14046,14047,14048
1044,14053
1045,14054
1046,14055,14056,14057,14058
1047,14059,14060,14061,14062,14064,14065,14066,14069,14071,14072,14078,14079,14080
1048,14082,14083,14085,14086,14087,14088,14089,14091,14092,14093,14095,14096,14097,14098,14099,14100,14101,14102,14103,14104
1049,14105,14106,14108,14109,14110,14112,14113,14114,14116,14119,14120,14121,14122,14126,14127,14128,14129,14130,14133,14135,14138,14139,14140,14141,14142,14143,14144,14145,14146,14147,14148,14150,14151,14152,14155,14157,14158,14159,14160,14161,14162,14164,14165,14166
1050,14167,14168,14169,14170,14171,14172,14173,14175,14176,14177,14178,14179,14180
1051,14181,14190
1052,14197
1053,14198
1054,14199,14200,14202
1055,14203,14204,14205,14207,14208,14209,14210,14211,14213,14214,14215,14216,14217,14218,14219,14220,14221,14222,14223,14224,14225
1056,14226,14227,14228,14229,14230,14231,14232,14233,14234,14235,14236,14238,14239,14240,14241,14242,14243,14244,14245,14247,14248
1057,14249,14250,14254,14255,14256,14263,14269,14270,14276,14278,14279,14281,14283,14285,14286,14288,14293,14296,14297,14299,14303,14304,14305
1058,14311,14321
1059,14325,14326,14327,14328,14330,14331,14333,14334,14335,14339
1060,14341
1061,14342
1062,14343,14346
1063,14347,14352,14356,14364,14367
1064,14370,14371,14372,14373,14374,14375,14376,14377,14380,14381,14383,14386,14391
1065,14393,14394,14395,14396,14398,14399,14406,14407,14408,14410,14413,14414,14415,14416,14417,14419,14420,14421,14423,14424,14425,14426,14427,14428,14429,14430,14431,14433,14438,14439,14441,14446,14448,14449,14450,14453
1066,14455,14459,14463
1067,14469,14472,14476,14478,14480,14482,14483
1068,14485
1069,14486
1070,14487,14488
1071,14491,14492,14493,14494,14497,14500,14503,14506,14507,14508,14509,14511
1072,14514,14515,14516,14517,14518,14519,14520,14521,14522,14523,14524,14525,14528,14530,14531,14532,14533,14534,14535
1073,14537,14538,14543,14544,14546,14548,14549,14550,14551,14552,14553,14554,14556,14557,14558,14559,14561,14563,14564,14568,14569,14571,14573,14574,14576,14581,14582,14583,14584,14586,14588,14590,14594,14597
1074,14599,14600,14605,14610
1075,14613,14615,14619
1076,14629
1077,14630
1078,14631,14634
1079,14635,14637,14644,14650,14657
1080,14658,14663,14666,14670,14672,14673,14674,14676,14677,14679
1081,14681,14682,14683,14684,14685,14686,14687,14688,14689,14690,14691,14693,14694,14695,14696,14697,14700,14701,14702,14703,14704,14705,14706,14708,14709,14710,14711,14712,14713,14714,14715,14716,14717,14718,14719,14720,14721,14722,14724,14725,14727,14728,14729,14732,14733,14734,14735,14736,14738,14739,14741,14742
1082,14743,14744,14745,14748,14749,14753,14754,14755
1083,14757,14758,14759,14760,14761,14762,14763,14764,14765,14766,14767,14768,14769,14770,14771,14772
1084,14773
1085,14774
1086,14775,14776
1087,14779,14780,14781,14782,14784,14786,14787,14788,14790,14791,14792,14794,14795,14796,14797,14799,14800,14801
1088,14802,14803,14804,14806,14807,14808,14809,14810,14811,14812,14813,14814,14815,14816,14817,14818,14819,14820,14821,14822,14823,14824
1089,14825,14826,14827,14828,14829,14830,14831,14832,14833,14834,14837,14838,14839,14840,14841,14842,14844,14846,14847,14848,14850,14852,14854,14855,14856,14858,14859,14860,14861,14862,14863,14864,14867,14868,14869,14871,14872,14873,14875,14876,14877,14878,14879,14881,14882,14883,14884
1090,14887,14888,14889,14891,14893,14895,14896,14900
1091,14901,14902,14903,14904,14905,14907,14909,14911,14914,14915,14916
1092,14917
1093,14918
1094,14919,14922
1095,14923,14925,14926,14928,14931,14935,14936,14937,14939,14940,14941,14944,14945
1096,14946,14947,14948,14949,14953,14954,14957,14958,14960,14961,14962,14963,14965
1097,14969,14971,14972,14973,14974,14975,14978,14981,14984,14986,14990,14992,14993,14994,14996,14997,15002,15010,15011,15017,15020,15022,15024,15025,15028
1098,15031,15033,15036,15037,15040,15041,15042,15043,15044
1099,15045,15046,15047,15048,15049,15050,15051,15052,15053,15054,15055,15056,15057,15058,15059,15060
1100,15061
1101,15062
1102,15063,15066
1103,15067,15069,15071,15072,15073,15074,15079,15080,15081,15084,15086,15088
1104,15090,15091,15092,15093,15094,15095,15096,15098,15099,15100,15101,15102,15103,15104,15105,15106,15107,15109,15110,15111,15112
1105,15113,15114,15115,15116,15117,15118,15119,15120,15121,15122,15123,15124,15125,15127,15128,15133,15134,15135,15136,15137,15138,15144,15145,15151,15152,15156,15157,15159,15164,15166,15172,15173,15174
1106,15175,15176,15177,15178,15179,15180,15181,15182,15184,15185,15186,15187
1107,15189,15192,15193,15194,15195,15198,15202,15204
1108,15205
1109,15206
1110,15207,15209,15210
1111,15211,15213,15215,15217,15219,15223,15224,15225,15226,15227,15230,15231
1112,15234,15235,15236,15237,15238,15243,15244,15254
1113,15257,15263,15265,15266,15267,15271,15278,15282,15287,15288,15289,15290,15291,15293,15294,15300,15301,15310,15312,15314,15315
1114,15319,15321,15322,15323,15324,15325,15326,15327,15328,15330,15331,15332
1115,15333,15334,15335,15338,15339,15341,15347,15348
1116,15349
1117,15350
1118,15351,15353
1119,15355,15367,15368,15370,15374
1120,15378,15397
1121,15401,15402,15404,15405,15409,15418,15422,15423,15424,15427,15430,15433,15435,15436,15448,15457,15461
1122,15463,15464,15465,15466,15467,15468,15471,15472,15474,15475
1123,15477,15478,15479,15482,15484,15485,15487,15488,15489,15490,15491,15492
1124,15493
1125,15494
1126,15495,15496,15498
1127,15499,15501,15502,15503,15504,15505,15508,15510,15511,15512,15513,15514,15516,15517,15518,15519,15521
1128,15522,15524,15539,15543
1129,15545,15546,15547,15548,15549,15550,15551,15552,15553,15554,15555,15556,15557,15558,15560,15562,15563,15564,15565,15566,15567,15568,15569,15570,15571,15572,15573,15574,15575,15576,15577,15578,15579,15580,15581,15582,15583,15584,15585,15587,15589,15590,15591,15592,15593,15594,15595,15596,15597,15598,15599,15600,15601,15602,15603,15604,15605,15606
1130,15607,15609,15611,15614,15617,15618,15619
1131,15621,15623,15630,15634
1132,15637
1133,15638
1134,15639,15642
1135,15643,15644,15645,15652,15654,15655,15665
1136,15666,15667,15668,15669,15672,15673,15674,15676,15677,15678,15679,15680,15681,15682,15683,15684,15685,15686,15687,15688
1137,15689,15692,15695,15696,15698,15700,15701,15702,15711,15713,15714,15715,15716,15717,15722,15727,15728,15729,15730,15731,15735,15738,15739,15742,15744,15745,15748,15749
1138,15751,15757,15761
1139,15765,15766,15767,15770,15771,15772,15773,15775,15777,15778,15779,15780
1140,15781
1141,15782
1142,15783,15784,15785,15786
1143,15787,15788,15789,15792,15793,15794,15795,15797,15798,15799,15800,15802,15803,15804,15805,15806,15807
1144,15810,15813,15814,15815,15820,15822,15825,15827,15828,15829,15830,15831,15832
1145,15833,15834,15835,15836,15838,15839,15840,15841,15844,15845,15848,15853,15854,15855,15856,15857,15858,15859,15862,15864,15865,15866,15867,15868,15870,15871,15872,15874,15875,15876,15879,15881,15883,15884,15885,15887,15889,15890,15893,15894
1146,15895,15897,15898,15899,15900,15901,15902,15903,15905,15906
1147,15909,15916,15922,15924
1148,15925
1149,15926
1150,15927,15928,15929,15930
1151,15931,15932,15933,15934,15935,15936,15938,15939,15940,15941,15942,15944,15946,15947,15948
1152,15954,15955,15956,15958,15959,15961,15964,15966,15967,15969,15970,15973,15975
1153,15977,15978,15980,15981,15985,15993,15995,16000,16001,16002,16011,16014,16015,16016,16017,16019,16021,16022,16026,16029,16030,16032,16034,16035,16037
1154,16039,16042,16043,16044,16045,16046,16047,16048,16049,16050,16051
1155,16053,16056,16062,16066,16067
1156,16069
1157,16070
1158,16071,16072,16074
1159,16075,16076,16082,16085,16086,16087,16090,16092,16094
1160,16098,16099,16105,16108,16112,16117
1161,16121,16123,16130,16134,16138,16143,16150,16154,16155,16158,16162,16163,16165,16169,16170,16171,16172,16174,16175,16180,16181
1162,16183,16190,16192,16194
1163,16197,16202,16204,16210,16211
1164,16213
1165,16214
1166,16215,16218
1167,16219,16224,16225,16227,16229,16233,16235,16236,16239
1168,16242,16243,16245,16246,16248,16249,16250,16251,16252,16253,16254,16255,16256,16257,16258,16260,16261,16262,16263,16264
1169,16265,16269,16281,16285,16295,16304,16308
1170,16327,16328,16329,16330,16331,16333,16334,16335,16338,16340
1171,16341,16344,16345,16347,16348,16349,16351,16353,16354,16355,16356
1172,16357
1173,16358
1174,16359,16360,16361,16362
1175,16363,16365,16366,16368,16369,16373,16376,16378,16379,16380,16381
1176,16386,16387,16388,16390,16391,16393,16396,16398,16400,16401,16402,16404,16405,16406,16407
1177,16409,16410,16416,16425,16427,16429,16437,16438,16445,16448,16450,16457,16458,16459,16463,16467,16470
1178,16471,16472,16473,16474,16476,16477,16478,16479,16480,16481,16482,16483
1179,16485,16488,16493,16497,16499
1180,16501
1181,16502
1182,16503,16504
1183,16507,16508,16509,16510,16511,16513,16514,16515,16516,16519,16524,16527,16529
1184,16530,16534,16536,16540,16544,16546
1185,16553,16556,16594
1186,16615,16616,16617,16618,16619,16620,16621,16622,16623,16624,16625,16626,16627,16628
1187,16629,16632
1188,16645
1189,16646
1190,16647,16648
1191,16651,16654,16655,16660
1192,16674,16675,16677,16678,16679,16680,16681,16682,16683,16684,16686,16687,16688,16691,16692,16693,16694,16695,16696
1193,16697,16698,16699,16701,16702,16705,16707,16708,16709,16711,16713,16714,16715,16716,16718,16720,16721,16723,16729,16730,16732,16733,16734,16737,16742,16743,16748,16749,16751,16752,16754,16755,16758
1194,16759,16762,16765,16768,16769,16770,16771
1195,16773,16786
1196,16789
1197,16790
1198,16791,16793
1199,16795,16796,16797,16798,16799,16800,16801,16802,16803,16804,16805,16806,16807,16808,16809,16810,16811,16812,16813,16814,16815,16816,16817
1200,16818,16836
1201,16841,16842,16843,16844,16845,16846,16847,16848,16849,16850,16851,16852,16853,16854,16855,16856,16857,16858,16859,16860,16861,16862,16863,16864,16865,16866,16867,16868,16869,16870,16871,16872,16873,16874,16875,16876,16877,16878,16879,16880,16881,16882,16883,16884,16885,16886,16887,16888,16889,16890,16891,16892,16893,16894,16895,16896,16897,16898,16899,16900,16901,16902
1202,16903,16911
1203,16917,16922
1204,16933
1205,16934
1206,16935,16936,16937,16938
1207,16939,16940,16941,16942,16943,16944,16945,16946,16948,16950,16951,16952,16953,16954,16955,16956,16957,16958,16959,16961
1208,16962,16967,16968,16971,16975,16977,16982,16984
1209,16985,16986,16987,16988,16989,16991,16992,16993,16994,16995,16996,16997,16998,16999,17000,17001,17002,17003,17005,17006,17007,17008,17011,17012,17013,17014,17015,17016,17017,17018,17019,17020,17021,17022,17023,17024,17025,17026,17027,17028,17029,17030,17031,17032,17033,17034,17035,17036,17037,17038,17040,17042,17043,17044,17045,17046
1210,17047,17052,17054
1211,17061,17062,17063,17064,17065,17066,17067,17068,17069,17070,17072,17073,17074,17075
1212,17077
1213,17078
1214,17079,17080,17081
1215,17083,17084
1216,17106,17111,17114,17115,17116,17117,17119,17121,17124,17125,17127
1217,17129,17133,17139,17140,17141,17142,17143,17144,17145,17147,17157,17161,17163,17164,17165,17166,17167,17169,17170,17171,17173,17175,17184,17185,17188,17189
1218,17191,17196,17197,17198,17202
1219,17205,17206,17207,17208,17209,17210,17211,17212,17213,17214,17215,17217,17220
1220,17221
1221,17222
1222,17223,17224,17225,17226
1223,17227,17228,17229,17231,17232,17233,17234,17237,17238,17239,17241,17243,17244,17245,17246,17247,17248,17249
1224,17250,17251,17252,17259,17260,17262,17265,17268,17269,17270,17272
1225,17273,17274,17275,17276,17277,17278,17279,17280,17281,17282,17283,17284,17285,17286,17287,17288,17289,17290,17291,17292,17293,17294,17295,17296,17297,17299,17301,17302,17303,17304,17305,17306,17307,17309,17311,17312,17313,17314,17315,17316,17317,17318,17319,17320,17321,17322,17323,17324,17325,17326,17328,17329,17330,17331,17332,17333,17334
1226,17335,17336,17337,17339,17340,17346,17347
1227,17349,17353
1228,17365
1229,17366
1230,17367,17369
1231,17371,17372,17374,17376,17378,17379,17380,17382,17383,17384,17386,17389,17391
1232,17394,17395,17396,17397,17398,17399,17400,17401,17402,17403,17404,17405,17406,17407,17408,17409,17410,17411,17412,17413,17414,17415,17416
1233,17417,17421,17426,17436,17443,17445,17446,17448,17449,17453,17468,17470,17472,17473,17476,17477
1234,17479,17483,17484,17485,17487,17488,17490
1235,17493,17494,17495,17496,17497,17498,17499,17500,17501,17502,17503,17504,17506,17507,17508
1236,17509
1237,17510
1238,17511
1239,17515,17516,17517,17518,17520,17522,17523,17524,17525,17527,17528,17529,17530,17531,17532,17533,17534,17535,17536,17537
1240,17538,17545,17548,17557
1241,17561,17562,17564,17574,17575,17577,17582,17586,17589,17592,17595,17597,17599,17602,17605,17606,17607,17608,17611,17613,17615,17618,17620
1242,17623,17626,17632
1243,17637,17641
1244,17653
1245,17654
1246,17655,17656,17657
1247,17659,17660,17661,17662,17663,17664,17665,17666,17667,17668,17670,17671,17672,17673,17675,17677,17678,17680,17681
1248,17682,17683,17684,17685,17686,17687,17688,17689,17690,17691,17692,17693,17695,17696,17697,17698,17699,17700,17701,17703,17704
1249,17705,17708,17710,17712,17713,17716,17719,17721,17723,17724,17726,17727,17729,17732,17733,17737,17739,17741,17742,17743,17744,17746,17748,17749,17750,17752,17754,17758,17760,17761,17764,17765
1250,17767,17771,17774,17775,17779
1251,17781
1252,17797
1253,17798
1254,17799,17800,17802
1255,17803,17807,17810,17820
1256,17826,17827,17828,17831,17832,17833,17834,17836,17838,17839,17840,17841,17843,17844,17847,17848
1257,17849,17852,17853,17854,17856,17859,17860,17863,17864,17868,17873,17874,17876,17877,17879,17881,17882,17885,17890,17891,17892,17893,17894,17895,17896,17899,17900,17901,17902,17903,17908,17910
1258,17911,17912,17913,17914,17916,17917,17919,17920,17922,17923,17924
1259,17925,17928,17929,17932,17933,17934,17935,17936
1260,17941
1261,17942
1262,17943,17944,17945,17946
1263,17947,17948,17949,17950,17951,17952,17953,17954,17955,17956,17957,17958,17959,17960,17961,17962,17963,17964,17965,17966,17967,17968,17969
1264,17970,17972,17980,17982,17983,17984,17985
1265,17993,18005,18008,18012,18014,18015,18019,18022,18024,18028,18032,18036,18039,18042,18051
1266,18055,18056,18057,18058,18059,18060,18062,18067,18068
1267,18069,18072,18084
1268,18085
1269,18086
1270,18087,18089
1271,18091,18094,18097,18101,18102,18103,18105,18108,18109,18111,18112,18113
1272,18114,18115,18117,18121,18122,18124,18125,18132,18133,18134,18135,18136
1273,18137,18141,18155,18160,18163,18164,18167,18169,18171,18172,18173,18176,18178,18183,18186,18188,18189,18190,18193,18196
1274,18199,18201,18202,18203,18204,18205,18206,18208,18209,18210,18211,18212
1275,18213,18227
