256,1
257,2
258,3,6
259,7
260,8
261,9
262,10,12
263,14,20,22
264,24,29
265,34,35,37,38,41,44,45,47,50,53,56,57,60,61,64,68,69,70
266,71
267,75,77,78,79,83
268,85
269,86
270,87,88,90
271,91,92,95,101,102,104,107,109,110,111,113
272,114,115,116,119,120,121,122,124,125,128,133,134,135
273,137,138,139,141,142,143,144,145,149,150,151,153,154,155,156,157,158,159,160,161,162,163,164,165,166,167,168,169,170,171,172,173,174,175,176,177,178,179,180,181,182,183,184,185,186,189,190,191,192,193,194,195,196,197,198
274,199,200,201,204,205,206,207,208,209
275,213,214,215,216,217,218,219,220,221,224,225,226,227,228
276,229
277,230
278,231,233
279,235,237,240,244,249,250,251,257
280,258,259,260,261,262,263,264,265,266,267,268,269,270,271,272,273,275,276,277,278,279,280
281,281,282,284,285,286,288,290,291,292,294,296,297,298,299,300,301,302,303,305,306,310,312,315,317,320,324,325,328,333,335,336,338,339,342
282,343,344,345,346,347,348,349,350,351,352,353,354,355,356
283,357,363,368,370,371
284,373
285,374
286,375,377
287,379,383,388,398
288,402,403,404,405,406,407,408,409,410,411,412,414,415,416,417,419,420,421,422,423,424
289,425,428,429,430,432,433,434,435,437,438,440,441,443,445,446,447,448,451,452,453,454,455,456,458,460,461,463,464,466,469,471,472,477,479,480,481,485,486
290,487,489,491,493,494,495,496,497,499,500
291,501,502,503,506,507,508,509,510,512,513,514,515,516
292,517
293,518
294,519,520,521,522
295,523,525,528,531,533,536,542
296,546,555,563
297,569,570,571,572,573,574,575,576,577,578,579,580,581,582,583,584,586,587,588,589,590,591,593,594,595,596,597,598,599,600,604,605,606,607,608,610,611,612,613,614,615,618,619,620,622,623,624,625,626,627,628,629,630
298,631,635
299,645,660
300,661
301,662
302,663,664,665
303,667,677,686,687,688
304,690,691,692,693,695,697,699,700,701,702,703,704,705,707,709,712
305,713,714,715,716,717,718,719,720,722,723,724,725,726,727,728,729,730,731,732,733,735,736,739,740,741,742,743,744,745,746,747,748,750,751,752,753,754,755,756,757,758,759,760,761,762,763,765,766,767,768,769,770,771,772,774
306,775,776,777,778,779,782,783,784,785,787,788
307,789,790,791,795,802,803
308,805
309,806
310,807,808
311,811,812,813,814,815,816,817,818,819,820,821,822,823,824,825,826,827,828,829,830,831,832,833
312,834,836,837,838,839,840,841,845,846,847,848,850,852,853,854,856
313,857,858,859,861,862,863,864,865,866,867,868,869,870,871,872,874,875,876,877,878,879,880,881,882,885,886,887,889,890,891,892,893,896,900,901,902,903,905,906,907,910,911,912,913,914,915,916,917,918
314,919,922,925,927,928,930,931,932
315,933,934,935,937,938,939,940,941,942,945,946,948
316,949
317,950
318,951,954
319,955,958,959,960,961,962,963,964,965,967,968,969,970,971,972,974,975,976,977
320,978,995,998
321,1001,1026,1051,1055
322,1063,1064,1065,1066,1067,1068,1069,1070,1072,1073,1074,1075,1076
323,1077,1078,1089
324,1093
325,1094
326,1095,1096,1098
327,1099,1112
328,1122,1124,1129,1135,1137
329,1145,1146,1151,1152,1155,1156,1158,1162,1165,1169,1171,1172,1174,1176,1177,1182,1184,1186,1187,1188,1189,1190,1191,1193,1195,1198,1199,1200,1201,1202,1203,1204,1206
330,1207,1208,1209,1210,1211,1212,1213,1214,1216,1217,1218,1220
331,1221,1222,1225,1226,1227,1228,1229,1230,1231,1232,1233,1234,1235,1236
332,1237
333,1238
334,1239,1241,1242
335,1243,1249,1250,1261
336,1266,1267,1268,1269,1270,1271,1272,1273,1274,1275,1276,1277,1278,1279,1280,1281,1282,1283,1284,1285,1286,1287,1288
337,1289,1290,1291,1292,1293,1294,1295,1296,1297,1298,1299,1300,1301,1302,1303,1304,1305,1306,1307,1308,1309,1310,1311,1313,1315,1316,1317,1318,1319,1320,1321,1322,1323,1324,1326,1327,1328,1329,1330,1331,1332,1333,1334,1335,1336,1337,1339,1340,1341,1342,1343,1344,1345,1346,1347,1348,1349,1350
338,1351,1359,1363
339,1365,1366,1369,1371,1373,1375,1376,1377,1378,1379,1380
340,1381
341,1382
342,1383,1384,1386
343,1387,1388,1391,1392,1393,1403,1404,1408,1409
344,1410,1411,1412,1413,1414,1415,1416,1419,1420,1421,1422,1423,1424,1425,1428,1431,1432
345,1433,1436,1437,1438,1440,1443,1447,1449,1451,1452,1456,1459,1460,1463,1465,1466,1471,1473,1474,1477,1479,1481,1482,1484,1485,1486,1488,1490,1492,1493,1494
346,1495,1496
347,1509,1510,1512,1513,1514,1515,1516,1517,1518,1519,1521,1522,1524
348,1525
349,1526
350,1527,1528,1530
351,1531,1532,1533,1534,1535,1536,1537,1538,1539,1540,1541,1542,1543,1544,1545,1546,1548,1549,1550,1551,1553
352,1554,1555,1556,1569
353,1577,1587,1589,1593,1596,1599,1603,1608,1609,1610,1616,1619,1620,1621,1622,1623,1638
354,1639,1641,1642,1643,1645,1648
355,1653,1654,1655,1656,1657,1658,1659,1660,1661,1662,1663,1664,1665,1666,1667,1668
356,1669
357,1670
358,1671,1672,1673,1674
359,1675,1676,1677,1678,1679,1680,1681,1682,1683,1684,1686,1687,1688,1689,1691,1692,1693,1694,1695,1696,1697
360,1698,1699,1702,1712
361,1721,1722,1723,1724,1725,1726,1727,1728,1729,1730,1731,1732,1733,1734,1736,1737,1738,1739,1740,1741,1742,1743,1744,1745,1746,1747,1748,1749,1750,1751,1752,1753,1754,1755,1756,1757,1758,1759,1760,1761,1762,1763,1764,1765,1766,1767,1768,1769,1770,1771,1772,1773,1774,1775,1776,1777,1778,1779,1780,1781,1782
362,1783,1785,1786,1787,1789,1790,1791,1792,1793,1796
363,1797,1798,1803,1808,1812
364,1813
365,1814
366,1815,1817
367,1819,1820,1821,1822,1824,1825,1826,1827,1828,1833,1834,1836,1839,1840,1841
368,1842,1843,1846,1849,1850,1852,1853,1854,1855,1856,1857,1858,1859,1860,1862,1863,1864
369,1865,1867,1868,1880,1890,1891,1892,1903,1904,1907,1908,1909,1925
370,1927,1928,1929,1930,1931,1932,1933,1934,1935,1936,1938
371,1941,1942,1944,1945,1947,1948,1949,1950,1951,1952,1953,1955,1956
372,1957
373,1958
374,1959,1960,1961,1962
375,1963,1980
376,1986,1988,2000,2002,2007,2008
377,2009,2010,2011,2012,2013,2014,2015,2016,2017,2018,2020,2021,2022,2024,2025,2026,2027,2028,2029,2030,2031,2033,2034,2036,2037,2038,2039,2040,2041,2042,2043,2047,2049,2050,2052,2055,2056,2057,2058,2059,2061,2062,2063,2064,2066,2067,2068,2069
378,2071,2072,2073,2074,2075,2076,2077,2078,2079,2080,2081,2082,2083,2084
379,2085,2087,2088,2089,2090,2091,2092,2093,2094,2096,2097,2099,2100
380,2101
381,2102
382,2103,2104,2105,2106
383,2107,2109,2112,2113,2115,2119,2121,2122,2123,2124,2125,2126,2127,2128,2129
384,2130,2131,2132,2133,2134,2135,2136,2137,2138,2139,2141,2143,2146,2147,2149,2150,2152
385,2153,2154,2156,2160,2163,2167,2168,2171,2172,2174,2175,2176,2177,2179,2181,2183,2184,2185,2186,2187,2188,2193,2195,2197,2198,2199,2200,2204,2207,2210,2211,2212
386,2215,2216,2217,2219,2220,2222,2224,2225,2226,2228
387,2229,2230,2231,2232,2233,2234,2235,2236,2237,2238,2239,2240,2241,2242,2243,2244
388,2245
389,2246
390,2247,2248,2249,2250
391,2251,2252,2253,2258,2259,2260,2262,2264,2265,2266,2271,2273
392,2274,2281,2286,2289
393,2297,2298,2299,2300,2301,2302,2303,2304,2305,2306,2307,2308,2309,2310,2311,2312,2313,2314,2315,2316,2317,2318,2319,2320,2321,2322,2323,2324,2325,2326,2327,2328,2329,2330,2331,2332,2333,2334,2335,2336,2337,2338,2339,2340,2341,2342,2343,2344,2345,2346,2347,2348,2349,2351,2352,2353,2354,2356,2357,2358
394,2359,2363,2364,2365,2366,2367,2368,2369,2371,2372
395,2373,2374,2375,2380,2381,2382,2383,2384,2386
396,2389
397,2390
398,2391,2392,2393,2394
399,2395,2398,2399,2400,2402,2403,2404,2405,2406,2407,2408,2409,2410,2411,2414,2415,2416,2417
400,2418,2419,2420,2421,2422,2423,2424,2426,2431,2432,2434,2435,2438
401,2441,2458,2470,2492
402,2503,2504,2505,2506,2507,2508,2509,2510,2511,2512,2513,2514,2515,2516
403,2517,2521,2523,2527,2530,2531
404,2533
405,2534
406,2535,2536
407,2539,2541,2542,2546,2548,2549,2550,2553,2555,2556,2558
408,2562,2563,2565,2566,2568,2571,2572,2573,2575,2576,2577,2578,2582
409,2585,2586,2587,2591,2593,2594,2596,2597,2598,2601,2604,2606,2607,2608,2610,2611,2613,2614,2617,2618,2619,2620,2621,2623,2627,2630,2632,2633,2635,2636,2638,2639,2640,2641
410,2647,2649,2650,2655,2658,2659
411,2661,2663,2664,2665,2671,2672,2673,2674,2675
412,2677
413,2678
414,2679,2680,2681,2682
415,2683,2690
416,2706,2710
417,2729,2733,2736,2737,2740,2747,2748,2751,2752,2754,2755,2759,2763,2765,2766,2768,2770,2772,2775,2776,2778,2779,2781,2786
418,2791,2792,2794,2796,2797,2799,2800,2801,2802,2804
419,2805,2807,2814,2817
420,2821
421,2822
422,2823,2824,2825,2826
423,2827,2828,2829,2830,2832,2833,2834,2835,2836,2839,2840,2842,2843,2846,2847,2848,2849
424,2850,2858,2859
425,2873,2874,2875,2876,2878,2879,2880,2881,2883,2884,2885,2886,2888,2889,2890,2891,2892,2893,2894,2895,2896,2897,2898,2899,2900,2901,2902,2904,2905,2906,2908,2909,2910,2911,2912,2913,2914,2915,2916,2917,2918,2919,2920,2921,2922,2923,2924,2925,2926,2927,2929,2930,2931,2932,2933,2934
426,2935,2936,2937,2939,2944,2946,2947
427,2949,2955
428,2965
429,2966
430,2967,2968,2970
431,2971,2972,2973,2974,2976,2977,2978,2984,2985,2986,2987,2988,2989,2990,2991
432,2994,2996,2998,3000,3002,3003,3007,3008,3014
433,3017,3021,3026,3027,3029,3034,3035,3040,3041,3043,3045,3051,3053,3054,3063,3071,3073,3074,3075,3078
434,3079,3080,3081,3082,3085,3086,3087,3091,3092
435,3093
436,3109
437,3110
438,3111,3112,3113
439,3115,3117,3120,3121,3125,3128
440,3138,3139,3140,3142,3143,3146,3151,3152,3153,3156,3159
441,3161,3176,3179,3199,3211
442,3223,3228,3229,3230,3231,3233,3234,3235
443,3237,3238,3239,3240,3241,3242,3243,3244,3245,3246,3247,3248,3249,3250,3251,3252
444,3253
445,3254
446,3255,3256,3257,3258
447,3259,3269,3281
448,3282,3283,3284,3285,3286,3287,3291,3292,3293,3294,3296,3297,3298,3299,3300,3301,3302,3303,3304
449,3305,3312,3322,3327,3336,3344,3351,3352,3354,3359,3365
450,3367,3372
451,3381,3382,3384,3385,3387,3388,3389,3390,3391,3392,3393,3394,3396
452,3397
453,3398
454,3399,3402
455,3403,3404,3405,3406,3407,3408,3409,3410,3411,3412,3413,3414,3415,3416,3418,3419,3420,3421,3422,3423,3425
456,3426,3436,3441,3443
457,3449,3450,3452,3453,3454,3456,3458,3459,3460,3461,3462,3463,3464,3465,3466,3468,3469,3470,3472,3473,3474,3475,3476,3477,3478,3479,3480,3481,3482,3483,3484,3485,3486,3487,3488,3489,3490,3491,3492,3493,3494,3496,3497,3498,3500,3501,3502,3503,3504,3505,3506,3507,3508,3509,3510
458,3511,3513,3515,3523
459,3525,3526,3527,3528,3529,3530,3531,3532,3534,3535,3536,3537,3539,3540
460,3541
461,3542
462,3543,3544,3545
463,3547,3550,3551,3552,3553,3554,3555,3556,3557,3558,3560,3561,3562,3563,3564,3565,3566,3567,3568,3569
464,3570,3571,3580,3586,3592
465,3593,3594,3595,3596,3597,3598,3599,3600,3601,3602,3603,3604,3608,3609,3610,3611,3612,3615,3617,3618,3619,3620,3621,3622,3624,3625,3626,3627,3628,3629,3630,3631,3632,3633,3634,3635,3636,3637,3638,3639,3640,3641,3643,3644,3645,3646,3647,3649,3650,3652,3653,3654
466,3655,3658,3663,3664,3668
467,3669,3670,3671,3672,3673,3674,3675,3677,3678,3680,3681,3682,3683,3684
468,3685
469,3686
470,3687,3689
471,3691,3693,3696,3704,3706,3709,3713
472,3714,3715,3720,3722,3723,3724,3729,3730
473,3737,3738,3739,3742,3743,3744,3745,3746,3747,3748,3749,3750,3751,3752,3753,3754,3756,3757,3758,3759,3760,3761,3762,3764,3765,3767,3768,3769,3770,3772,3774,3775,3777,3778,3779,3780,3781,3782,3783,3784,3785,3786,3787,3788,3789,3790,3792,3793,3794,3795,3796,3798
474,3799,3800,3801,3802,3803,3804,3805,3807,3808,3809,3810,3811
475,3813,3814,3818,3820,3821,3822,3825,3827,3828
476,3829
477,3830
478,3831,3832
479,3835,3836,3837,3838,3839,3840,3842,3844,3847,3849,3850,3851,3852,3853,3854,3855,3856,3857
480,3858,3859,3860,3861,3862,3863,3864,3865,3868,3869,3870,3871,3872,3873,3874,3875,3876,3877,3879,3880
481,3881,3883,3890,3894,3895,3897,3898,3901,3904,3908,3909,3910,3911,3913,3914,3924,3928,3930,3933,3935,3938,3942
482,3943,3944,3946,3949,3950,3952,3953,3954,3955,3956
483,3957,3960,3961,3963,3964,3966,3968,3971
484,3973
485,3974
486,3975,3976,3977,3978
487,3979,3980,3983,3984,3985,3988,3989,3990,3992,3993,3994,3995,3998,4000,4001
488,4002,4003,4004,4005,4006,4008,4009,4010,4011,4012,4014,4016,4017,4018,4020,4021,4024
489,4025,4026,4028,4030,4032,4034,4036,4037,4038,4040,4043,4044,4045,4046,4048,4050,4051,4055,4056,4057,4058,4063,4064,4065,4066,4067,4068,4071,4073,4074,4077,4078,4079,4081,4082,4084,4086
490,4087,4090,4093
491,4101,4102,4103,4104,4108,4111,4112,4113,4116
492,4117
493,4118
494,4119,4122
495,4123,4125,4127,4128,4130,4132,4133,4134,4135,4136,4137,4138,4142,4143,4144,4145
496,4146,4147,4148,4149,4150,4151,4152,4153,4154,4155,4156,4158,4159,4160,4161,4162,4164,4167,4168
497,4169,4179,4191,4196,4206,4215,4220,4221,4225,4227,4229
498,4231,4232,4233,4234,4235,4236,4237,4238,4239,4240,4241,4242,4243,4244
499,4245,4246,4247,4248,4249,4250,4252,4255,4256,4257,4259
500,4261
501,4262
502,4263,4264
503,4267,4268,4269,4270,4277,4278,4279,4284,4285,4286
504,4290,4291,4294,4296,4297,4298,4300,4301,4302,4305,4308
505,4313,4314,4315,4316,4317,4320,4321,4322,4323,4325,4327,4328,4330,4331,4332,4333,4334,4337,4339,4341,4343,4344,4345,4346,4348,4349,4352,4353,4356,4357,4360,4362,4363,4365,4368,4369,4374
506,4375,4378,4379,4380,4381,4382
507,4389,4392,4396,4397,4398,4403,4404
508,4405
509,4406
510,4407,4410
511,4411,4413,4414,4415,4416,4417,4418,4419,4420,4422,4423,4425,4428,4429,4431,4433
512,4434,4445
513,4457,4462,4463,4464,4465,4466,4467,4472,4478,4479,4481,4482,4484,4486,4487,4489,4492,4493,4495,4497,4498,4500,4501,4504,4505,4506,4508,4509,4510,4513,4514,4515,4516,4517,4518
514,4519,4520,4522,4523,4524,4525,4526,4527,4528,4529,4530,4531,4532
515,4533,4534,4536,4538,4541,4544,4546,4547,4548
516,4549
517,4550
518,4551
519,4555,4557,4558,4561
520,4578,4579,4580,4581,4582,4583,4584,4585,4586,4589,4590,4591,4593,4594,4596,4597,4598,4600
521,4601,4602,4611,4614,4615,4616,4617,4618,4619,4622,4623,4624,4625,4626,4627,4630,4632,4633,4634,4635,4638,4640,4643,4644,4645,4646,4648,4649,4650,4651,4653,4654,4656,4657,4659,4661,4662
522,4663,4664,4665,4666,4667,4668,4669,4670,4671,4672,4673,4674,4675
523,4677,4685
524,4693
525,4694
526,4695,4697,4698
527,4699,4701,4703,4704,4706,4707,4708,4709,4710,4711,4712,4714,4715,4717,4718,4720,4721
528,4722,4723,4727,4729,4731,4737,4738,4742,4743
529,4745,4750,4754,4756,4762,4774,4779,4781,4784,4787,4795,4805
530,4807,4811,4813,4814,4816,4817,4818,4819,4820
531,4821,4822,4823,4826,4830,4831,4832,4836
532,4837
533,4838
534,4839,4840,4841,4842
535,4843,4844
536,4866,4868,4872,4873,4874,4876,4877,4878,4879,4880,4882,4885,4886,4888
537,4889,4890,4893,4894,4896,4897,4899,4901,4902,4904,4905,4906,4908,4909,4911,4912,4914,4915,4916,4917,4918,4919,4921,4926,4928,4930,4932,4934,4936,4939,4941,4942,4943,4946,4947,4949,4950
538,4951,4953,4962,4963,4964
539,4965,4966,4967,4972,4973,4974,4975,4976,4977,4978,4979,4980
540,4981
541,4982
542,4983,4986
543,4987,4990,4991,4996,4997,4998,5001,5002,5003,5005,5007,5009
544,5010,5014,5015,5028
545,5033,5034,5035,5036,5037,5038,5039,5040,5041,5042,5043,5044,5046,5047,5048,5050,5051,5052,5054,5055,5056,5057,5058,5059,5060,5061,5062,5063,5064,5065,5067,5068,5069,5070,5071,5073,5074,5075,5076,5077,5079,5080,5081,5082,5083,5084,5085,5086,5087,5088,5090,5091,5092,5093,5094
546,5095,5101
547,5109,5110,5113,5114,5115,5116,5117,5118,5120,5121,5122,5123,5124
548,5125
549,5126
550,5127
551,5131,5133,5134,5140,5142,5146,5148,5151
552,5154,5155,5156,5157,5158,5159,5160,5161,5162,5163,5164,5165,5166,5167,5169,5170,5171,5172,5173,5174,5175
553,5177,5178,5181,5184,5189,5190,5193,5194,5195,5197,5198,5199,5200,5202,5204,5208,5209,5210,5216,5217,5219,5221,5223,5224,5226,5227,5228,5229,5230,5231,5232,5233,5234,5235,5236
554,5239,5240,5241,5242,5243,5244,5245,5246,5247,5248,5249,5250,5251,5252
555,5253,5254,5255,5256,5257,5258,5259,5260,5261,5262,5263,5264,5265,5267,5268
556,5269
557,5270
558,5271,5272,5273,5274
559,5275,5276,5278,5279,5280,5281,5282,5283,5287,5291,5292,5293,5295,5297
560,5298,5304,5305,5307,5309,5316,5319
561,5321,5323,5325,5326,5327,5329,5330,5331,5332,5333,5334,5336,5338,5339,5340,5341,5342,5343,5344,5345,5347,5348,5349,5350,5351,5353,5354,5355,5356,5357,5358,5359,5360,5361,5362,5364,5365,5366,5367,5368,5369,5370,5371,5372,5374,5375,5376,5377,5378,5379,5381
562,5383,5384,5385,5389,5390,5392,5393,5394
563,5397,5407,5410,5412
564,5413
565,5414
566,5415,5416,5417
567,5419,5420,5421,5422,5423,5424,5425,5426,5427,5428,5429,5430,5431,5433,5434,5435,5436,5437,5438,5441
568,5442,5444,5446,5447,5448,5449,5453,5454,5455,5457,5458,5461,5464
569,5465,5466,5469,5470,5472,5473,5476,5478,5481,5483,5485,5489,5490,5494,5495,5496,5497,5498,5499,5500,5502,5503,5504,5505,5507,5508,5510,5512,5515,5520,5522,5523
570,5527,5531,5532,5535
571,5541,5542,5544,5545,5546,5547,5549,5550,5553
572,5557
573,5558
574,5559,5560,5562
575,5563,5566,5567,5568,5569,5571,5572,5575,5576,5577,5578,5580,5582,5583,5585
576,5586,5589,5591,5592,5593,5594,5595,5599,5600,5602,5603,5605,5606,5607,5608
577,5609,5610,5614,5616,5617,5622,5623,5624,5626,5629,5631,5632,5633,5634,5636,5637,5639,5643,5649,5650,5651,5653,5654,5656,5658,5661,5663,5664,5665,5668
578,5671,5677,5683
579,5685,5686,5693,5696,5697
580,5701
581,5702
582,5703,5704
583,5707,5709,5711,5712,5713,5714,5715,5718,5720,5722,5723,5724,5725,5727
584,5730,5732,5733,5737,5738,5740,5742,5744,5746,5747,5748,5749,5750,5752
585,5753,5764,5779,5788,5790,5802
586,5815,5819,5820
587,5829,5831,5832,5841,5844
588,5845
589,5846
590,5847,5848
591,5851,5862
592,5874,5887,5888,5893,5894
593,5897,5902,5904,5905,5906,5909,5911,5913,5914,5915,5916,5917,5920,5925,5928,5930,5931,5932,5933,5936,5937,5938,5939,5940,5941,5943,5946,5948,5956
594,5959,5964
595,5973,5974,5975,5976,5977,5978,5980,5985,5987,5988
596,5989
597,5990
598,5991,5992
599,5995,5996,5997,5999,6001,6003,6004,6005,6007,6008,6010,6011,6012,6013,6014,6017
600,6018,6019,6022,6026,6028,6031,6040
601,6041,6042,6043,6044,6047,6050,6054,6055,6056,6057,6059,6060,6061,6067,6068,6070,6072,6074,6076,6078,6080,6082,6084,6085,6088,6089,6092,6093,6096,6097,6098,6099,6101
602,6103,6104,6105,6106,6107,6108,6109,6110,6111,6112,6113,6114,6115,6116
603,6117,6118,6119,6121,6122,6125,6126,6128,6129,6130,6131,6132
604,6133
605,6134
606,6135,6136,6137
607,6139,6141,6146,6147,6154,6157,6158
608,6162,6163,6165,6166,6167,6169,6170,6171,6173,6174,6175,6177,6178,6179,6180,6181,6182,6183,6184
609,6185,6186,6187,6189,6190,6191,6192,6194,6195,6197,6198,6199,6201,6202,6204,6205,6206,6207,6208,6211,6212,6215,6217,6219,6221,6222,6223,6224,6227,6228,6230,6231,6234,6235,6236,6238,6240,6243,6245
610,6247,6251,6252,6254,6255,6256,6257,6258,6260
611,6261,6263,6264,6267,6269
612,6277
613,6278
614,6279,6280,6281,6282
615,6283,6284,6286,6287,6289,6291,6293,6296,6300
616,6306,6307,6309,6310,6311,6312,6315,6319,6320,6321,6323,6324,6327,6328
617,6329,6364
618,6391,6394,6396,6398,6399,6400,6401,6402
619,6405,6407,6408,6410,6411,6413,6414,6415,6416,6417,6418,6419,6420
620,6421
621,6422
622,6423,6424,6425,6426
623,6427,6435,6442,6445
624,6450,6453,6455,6457,6458,6460,6462,6465,6469,6470,6471,6472
625,6473,6474,6478,6479,6480,6481,6483,6484,6486,6490,6492,6494,6496,6497,6499,6500,6501,6502,6503,6504,6506,6507,6509,6510,6511,6512,6513,6514,6515,6516,6521,6522,6525,6527,6528,6529,6530,6534
626,6535,6536,6537,6538,6539,6540,6541,6542,6543,6544,6545,6546,6547,6548
627,6549,6551,6552,6553,6554,6555,6556,6557,6559,6561,6564
628,6565
629,6566
630,6567,6568,6569
631,6571,6572,6575,6576,6580,6581,6582,6583,6585,6586,6587,6589,6590,6591,6592
632,6594,6595,6596,6597,6598,6600,6601,6602,6603,6604,6606,6607,6608,6609,6610,6611,6612,6613,6614,6615,6616
633,6617,6618,6620,6621,6623,6624,6625,6626,6629,6630,6632,6633,6634,6635,6636,6639,6642,6643,6645,6646,6649,6652,6655,6657,6660,6662,6666,6667,6668,6669,6670,6672,6673,6674,6675,6676
634,6679,6690,6692
635,6693,6694,6695,6696,6697,6698,6700,6701,6703,6704,6705,6707,6708
636,6709
637,6710
638,6711,6712,6713
639,6715,6717,6728
640,6738,6748,6752
641,6761,6762,6763,6764,6765,6766,6767,6768,6769,6770,6771,6772,6773,6774,6775,6776,6777,6778,6779,6780,6781,6782,6783,6784,6785,6786,6787,6788,6789,6790,6791,6792,6793,6794,6795,6796,6797,6798,6799,6800,6801,6802,6803,6804,6805,6807,6808,6809,6810,6811,6814,6815,6816,6817,6818,6819,6820,6821,6822
642,6823,6825
643,6837,6838,6839,6841,6842,6843,6844,6845,6846,6847,6848,6849,6850,6851,6852
644,6853
645,6854
646,6855,6857
647,6859,6860,6861,6863,6864,6865,6866,6867,6868,6872,6873,6874,6875,6876,6878,6880,6881
648,6882,6883,6884,6887,6890,6896,6899,6900,6901,6903
649,6905,6906,6907,6910,6911,6912,6913,6914,6918,6920,6921,6923,6925,6927,6932,6933,6934,6936,6938,6939,6940,6942,6943,6944,6945,6946,6947,6948,6950,6956,6957,6958,6959,6960,6961,6962,6963,6965,6966
650,6967,6968,6970,6973
651,6981,6985,6993
652,6997
653,6998
654,6999,7000,7001
655,7003,7004,7005,7006,7007,7008,7009,7010,7011,7012,7013,7014,7015,7016,7017,7018,7019,7020,7021,7022,7023,7024,7025
656,7026,7027,7028,7029,7030,7032,7037,7040,7041,7043,7047,7048
657,7049,7050,7051,7055,7058,7059,7060,7064,7066,7067,7069,7070,7071,7087,7089,7099,7101,7102,7108,7109
658,7111,7113,7117,7119,7121,7123,7124
659,7125,7126,7127,7128,7129,7130,7132,7134,7140
660,7141
661,7142
662,7143,7144
663,7147,7149,7150,7154,7155,7157,7158,7160,7161,7163,7164,7165,7166,7168,7169
664,7170,7173,7181,7183
665,7193,7194,7196,7197,7198,7199,7201,7202,7204,7205,7206,7207,7208,7209,7210,7211,7213,7214,7216,7217,7219,7220,7221,7222,7225,7226,7227,7228,7229,7230,7231,7232,7233,7234,7235,7236,7238,7239,7240,7241,7242,7243,7244,7245,7246,7250,7251,7253,7254
666,7255,7256,7257,7260,7262,7266,7267
667,7269,7281
668,7285
669,7286
670,7287
671,7291,7292,7293,7294,7295,7296,7297,7298,7299,7300,7301,7302,7303,7304,7305,7306,7307,7309,7310,7311,7312,7313
672,7314,7315,7316,7317,7318,7319,7320,7323,7324,7325,7326,7327,7328,7329,7330,7331,7332,7333,7335
673,7337,7338,7340,7341,7343,7346,7348,7350,7351,7353,7354,7355,7356,7357,7358,7360,7362,7365,7367,7368,7369,7370,7371,7372,7373,7374,7376,7377,7378,7379,7380,7381,7382,7383,7384,7385,7386,7389,7390,7391,7392,7393,7396
674,7399,7405
675,7413,7414,7415,7417,7422,7423,7424
676,7429
677,7430
678,7431,7433,7434
679,7435,7437,7438,7441,7442,7444,7445,7446,7447,7449,7451,7453,7454,7455,7457
680,7458,7460,7461,7464,7465,7469,7473,7474,7475,7477,7479,7480
681,7481,7482,7483,7484,7486,7487,7488,7489,7493,7496,7497,7498,7499,7500,7501,7503,7504,7505,7506,7508,7512,7513,7514,7516,7518,7524,7528,7529,7532,7535,7537,7538,7542
682,7543,7551
683,7557,7559,7560,7561,7562,7563,7569,7570,7571
684,7573
685,7574
686,7575,7576,7577,7578
687,7579,7580,7583,7584,7585,7586,7588,7590,7591,7592,7594,7595,7596,7597,7598,7599,7600,7601
688,7602,7603,7610,7615
689,7625,7627,7628,7629,7630,7631,7632,7633,7634,7635,7636,7637,7638,7639,7640,7641,7643,7644,7645,7646,7647,7648,7649,7651,7652,7653,7655,7656,7657,7658,7659,7660,7661,7663,7666,7668,7669,7670,7672,7673,7675,7677,7679,7681,7683,7685
690,7687,7688,7691,7692,7693
691,7701,7703,7705,7708,7709,7710,7714,7716
692,7717
693,7718
694,7719,7720,7721
695,7723,7724,7725,7727,7728,7729,7730,7731,7732,7733,7734,7735,7736,7737,7738,7739,7740,7741,7742,7743,7744,7745
696,7746,7754,7757,7767
697,7769,7772,7775,7778,7782,7784,7786,7789,7792,7798,7801,7804,7805,7806,7811,7812,7813,7814,7816,7817,7819,7822,7823,7824,7825,7827,7829
698,7831,7832,7833,7835,7836,7837,7838,7839,7840,7841,7843,7844
699,7845,7847,7849,7850,7851,7852,7854,7856,7857,7860
700,7861
701,7862
702,7863,7864,7866
703,7867,7868,7869,7870,7871,7872,7873,7874,7875,7876,7877,7878,7879,7880,7881,7882,7886,7887,7888
704,7890,7891,7893,7908,7910
705,7913,7915,7917,7918,7930,7932,7933,7937,7939,7944,7947,7950,7965,7966,7967
706,7975,7982,7986
707,7989,7990,7991,7992,7993,7994,7995,7996,7997,7998,7999,8000,8001,8002,8003,8004
708,8005
709,8006
710,8007,8008,8009
711,8011,8013,8015,8016,8017,8018,8019,8020,8022,8023,8024,8025,8026,8027,8028,8029,8030,8032
712,8034,8035,8036,8038,8039,8041,8042,8043,8047,8049,8050,8051,8052,8053,8055
713,8057,8083
714,8119,8123,8126,8127,8131
715,8133,8134,8136,8137,8138,8139,8142,8143,8145,8146,8147,8148
716,8149
717,8150
718,8151,8153,8154
719,8155,8157,8159,8163,8164,8166,8169,8171,8173,8176,8177
720,8178,8179,8180,8181,8182,8183,8184,8185,8187,8188,8189,8190,8191,8192,8193,8194,8195,8197,8198,8199
721,8201,8202,8210,8212,8246
722,8263,8265,8274
723,8277,8279,8280,8282,8283,8284,8285,8286,8287,8288,8289,8291
724,8293
725,8294
726,8295,8298
727,8299,8321
728,8322,8326,8327,8329,8331,8335,8344
729,8345,8350,8362,8371,8373,8374,8376,8377,8380,8398
730,8407,8408,8409,8410,8412,8415,8416,8420
731,8421,8422,8424,8430,8431,8432,8434,8435,8436
732,8437
733,8438
734,8439,8440,8441,8442
735,8443,8450,8452,8454,8455,8458,8460,8464
736,8466,8471,8472,8473,8475,8477,8479,8482,8485,8488
737,8489,8491,8492,8494,8495,8498,8499,8500,8501,8503,8504,8505,8509,8511,8512,8514,8516,8517,8518,8519,8520,8521,8523,8524,8525,8526,8527,8528,8529,8535,8536,8543,8544,8545,8548
738,8551,8552,8553,8554,8555,8556,8557,8558,8559,8560,8561,8562,8563,8564
739,8565,8566,8567,8568,8569,8570,8571,8572,8573,8574,8575,8577,8578,8579,8580
740,8581
741,8582
742,8583,8585,8586
743,8587,8588,8589,8590,8591,8593,8594,8596,8598,8599,8602,8603,8604,8607
744,8610,8612,8615,8617,8618,8620,8622,8623,8625,8627,8629,8630
745,8633,8635,8636,8638,8639,8640,8643,8644,8645,8646,8647,8648,8649,8651,8653,8654,8661,8665,8670,8671,8673,8674,8677,8680,8683,8685,8686,8690,8693,8694
746,8695,8696,8697,8698,8699,8700,8701,8702,8703,8704,8706,8707,8708
747,8709,8710,8718,8719,8724
748,8725
749,8726
750,8727,8728,8729,8730
751,8731,8741
752,8754,8755,8757,8758,8759,8760,8761,8762,8764,8765,8766,8767,8768,8769,8770,8771,8772,8773,8774,8775,8776
753,8777,8781,8784,8785,8786,8787,8803,8816,8818,8820,8821,8825,8828,8829,8830,8831,8834,8837
754,8839,8840,8841,8843,8844,8845,8846,8847,8848,8850,8851,8852
755,8853,8854,8855,8856,8857,8859,8860,8861,8862,8863,8864,8865,8866,8868
756,8869
757,8870
758,8871,8874
759,8875,8891,8892
760,8898,8899,8901,8903,8905,8911,8919
761,8921,8928,8929,8935,8939,8941,8950,8953,8964
762,8983,8985,8986,8987,8990,8991,8992,8995,8996
763,8997,8998,8999,9000,9001,9003,9004,9005,9006,9007,9008,9009,9010,9011
764,9013
765,9014
766,9015,9017
767,9019,9021,9022,9024,9027,9030,9031,9034,9035,9036,9037
768,9042,9043,9047,9048,9049,9050,9051,9052,9053,9055,9058,9059,9060,9061,9062,9063,9064
769,9065,9066,9067,9068,9070,9071,9074,9075,9077,9078,9079,9083,9085,9086,9087,9089,9092,9094,9095,9097,9100,9102,9103,9104,9106,9111,9115,9116,9117,9118,9120,9122,9123,9124
770,9127,9129,9130,9132,9138
771,9141,9151
772,9157
773,9158
774,9159,9160,9161,9162
775,9163,9167,9170,9171,9178,9180,9183,9185
776,9186,9187,9188,9189,9190,9191,9194,9195,9197,9198,9199,9200,9201,9202,9204,9206,9208
777,9209,9210,9215,9231,9235,9242,9244,9246,9252,9254,9262,9266
778,9271,9272,9273,9274,9276,9277,9278,9279
779,9285,9287,9288,9289,9293,9294,9297,9298,9299,9300
780,9301
781,9302
782,9303,9304,9305
783,9307,9308,9309,9311,9312,9314,9316,9317,9318,9319,9320,9321,9322,9324,9325,9326,9327,9328,9329
784,9330,9331,9333,9334,9335,9336,9337,9338,9339,9340,9341,9342,9343,9344,9345,9346,9347,9348,9349,9350,9351,9352
785,9353,9366,9383,9387
786,9415,9416,9417,9419,9422,9423,9424,9425,9427,9428
787,9429,9432,9433,9434,9435,9436,9437,9438,9439,9440,9441,9442
788,9445
789,9446
790,9447,9449
791,9451,9452,9453,9454,9456,9457,9458,9459,9460,9461,9463,9464,9465,9466,9467,9468,9469,9470,9471,9473
792,9474,9475,9480,9481,9485,9487,9494,9495,9496
793,9497,9498,9505,9506,9508,9511,9512,9514,9515,9524,9527,9529,9532,9533,9534,9535,9536,9537,9539,9541,9542,9543,9544,9547,9552,9553
794,9559,9562,9563,9564,9565,9566,9567,9568,9571,9572
795,9573,9574,9575,9576,9577,9579,9580,9581,9582,9583,9584,9586,9587,9588
796,9589
797,9590
798,9591
799,9595,9597,9600,9601,9602,9606,9611,9612,9617
800,9618,9620,9622,9623,9627,9628,9629,9630,9631,9636,9637,9638
801,9641,9651
802,9703,9713,9715,9716
803,9717,9720,9726,9728,9729,9732
804,9733
805,9734
806,9735,9737,9738
807,9739,9740,9742,9748,9750,9758
808,9762,9764,9765,9766,9768,9769,9770,9771,9773,9776,9777,9778,9779,9780,9781,9782,9783,9784
809,9785,9786,9787,9788,9789,9790,9791,9792,9793,9794,9795,9797,9798,9800,9801,9802,9803,9805,9806,9807,9808,9809,9810,9811,9812,9813,9814,9816,9817,9818,9819,9820,9822,9823,9824,9825,9826,9827,9828,9829,9830,9831,9833,9834,9835,9836,9837,9839,9842,9844,9845,9846
810,9847,9852,9853,9855,9856,9860
811,9861,9862,9863,9865,9868,9869,9870,9872,9873,9874,9876
812,9877
813,9878
814,9879,9882
815,9883,9884,9885,9886,9887,9888,9889,9890,9891,9892,9893,9894,9895,9896,9897,9898,9899,9900,9902,9903,9904,9905
816,9906,9908,9910,9911,9913,9919,9921,9922,9925
817,9929,9930,9931,9932,9933,9934,9935,9936,9937,9938,9939,9940,9941,9942,9943,9944,9945,9946,9947,9948,9949,9950,9951,9952,9953,9954,9955,9956,9957,9958,9959,9960,9961,9962,9963,9964,9965,9966,9967,9968,9969,9970,9971,9972,9973,9974,9975,9976,9977,9978,9979,9980,9981,9982,9983,9984,9985,9986,9987,9988,9989,9990
818,9991,9993,9994
819,10005,10007,10008,10010,10011,10014,10017,10019,10020
820,10021
821,10022
822,10023,10024,10025,10026
823,10027,10028,10030,10031,10039,10043,10044,10047
824,10050,10051,10052,10053,10054,10055,10056,10057,10058,10059,10061,10062,10063,10065,10066,10068,10069,10071
825,10073,10074,10076,10085,10089,10092,10095,10097,10100,10101,10116,10120,10121,10123,10128,10132
826,10135,10137,10142,10143,10147
827,10149,10157
828,10165
829,10166
830,10167,10170
831,10171,10172,10173,10174,10175,10176,10177,10178,10179,10180,10181,10182,10183,10184,10185,10186,10187,10188,10189,10190,10191,10192,10193
832,10194,10195,10196,10197,10198,10201,10204,10205,10206,10207,10208,10209,10210,10211,10212,10213,10214,10215,10216
833,10217,10218,10219,10220,10221,10222,10223,10224,10225,10226,10227,10228,10230,10231,10232,10233,10234,10236,10237,10239,10240,10241,10242,10243,10247,10248,10249,10250,10251,10252,10254,10255,10257,10259,10260,10262,10263,10264,10269,10270,10271,10272,10273,10274,10275,10276,10277,10278
834,10279,10282,10285,10291
835,10293,10294,10295,10296,10297,10300,10301,10302,10303,10304,10305,10306,10307,10308
836,10309
837,10310
838,10311,10312,10313,10314
839,10315,10316,10318,10319,10320,10321,10322,10323,10325,10326,10327,10330,10331,10332,10333,10334,10335,10337
840,10338,10340,10342,10343,10345,10353,10354,10356,10357,10358,10360
841,10361,10362,10363,10364,10365,10366,10367,10368,10369,10370,10371,10372,10373,10374,10375,10376,10377,10378,10379,10380,10381,10382,10383,10384,10385,10386,10387,10388,10389,10390,10391,10392,10393,10394,10395,10396,10397,10398,10399,10400,10401,10402,10403,10404,10405,10407,10408,10409,10410,10411,10412,10413,10414,10415,10416,10417,10418,10419,10420,10421,10422
842,10423,10425,10427,10428,10431,10436
843,10437,10440,10442,10445,10450,10451
844,10453
845,10454
846,10455,10457,10458
847,10459,10460,10462,10464,10466,10468,10470,10472,10474,10475,10476,10477,10479,10480
848,10482,10484,10486,10487,10488,10490,10491,10493,10494,10496,10498,10499,10500,10501,10503,10504
849,10505,10506,10508,10511,10515,10519,10520,10521,10524,10525,10526,10527,10532,10533,10535,10537,10539,10542,10544,10545,10546,10548,10549,10550,10551,10554,10562,10563
850,10567,10568,10569,10571,10572,10575,10577,10578,10579,10580
851,10581,10582,10586,10588,10591,10592,10593,10594,10595,10596
852,10597
853,10598
854,10599,10600
855,10603,10605,10613,10620,10623,10625
856,10626,10628,10629,10630,10631,10632,10633,10634,10635,10637,10638,10639,10640,10641,10642,10643,10644,10645,10646,10648
857,10649,10650,10651,10653,10655,10657,10659,10660,10661,10662,10663,10664,10665,10667,10668,10669,10673,10675,10676,10677,10681,10683,10686,10687,10688,10689,10691,10693,10694,10695,10696,10697,10698,10699,10700,10701,10702,10703,10704,10705,10706,10709,10710
858,10711,10714,10718,10719,10720,10721,10722
859,10725,10731,10740
860,10741
861,10742
862,10743,10745,10746
863,10747,10749,10755,10761,10763,10766
864,10770,10772,10773,10774,10775,10776,10777,10778,10782,10783,10785,10787,10789
865,10793,10806,10810,10817,10844
866,10855,10858
867,10869,10870,10871,10875,10876,10877,10878,10882
868,10885
869,10886
870,10887,10888
871,10891,10892,10902,10903,10907,10909
872,10914,10915,10916,10917,10919,10922,10923,10929,10930,10931,10932,10936
873,10937,10938,10939,10941,10942,10944,10946,10947,10948,10949,10951,10952,10953,10956,10957,10959,10960,10961,10962,10963,10965,10966,10967,10968,10970,10971,10973,10974,10975,10976,10977,10978,10979,10981,10982,10984,10985,10986,10987,10988,10989,10991,10992,10995,10996,10997,10998
874,10999,11003,11006,11007,11008,11009,11011
875,11013,11016,11018,11023,11024
876,11029
877,11030
878,11031,11032,11033,11034
879,11035,11039,11040,11041,11043,11046,11047,11050,11055,11057
880,11058,11077
881,11081,11099,11108,11127,11128,11133
882,11143,11156
883,11157,11158,11160,11163,11164,11168
884,11173
885,11174
886,11175,11176,11177,11178
887,11179,11181,11182,11183,11184,11185,11186,11189,11190,11191,11192,11193,11194,11196,11198,11199,11201
888,11202,11207,11219,11223,11224
889,11225,11226,11230,11237,11238,11239,11240,11241,11244,11245,11246,11254,11261,11282
890,11287,11289,11291,11293,11295,11297,11298
891,11301,11303,11304,11305,11306,11309,11316
892,11317
893,11318
894,11319,11322
895,11323,11328,11329,11330,11331,11333,11341,11345
896,11346,11350
897,11369,11371,11375,11377,11380,11383,11385,11387,11389,11390,11393,11394,11395,11396,11399,11401,11405,11406,11407,11409,11412,11414,11415,11423,11424,11427,11428
898,11431,11433,11434,11435,11436,11437,11438,11440,11443
899,11445,11449,11451
900,11461
901,11462
902,11463,11464,11465,11466
903,11467,11468,11472,11474,11477,11478,11479,11483,11484,11486,11489
904,11490,11491,11493,11494,11495,11496,11497,11498,11499,11500,11501,11502,11505,11506,11507,11509,11510,11511,11512
905,11513,11514,11516,11517,11518,11522,11528,11539,11540,11560,11562,11565,11568,11572
906,11575,11576,11578,11580,11581,11582,11583,11584,11585,11586,11587,11588
907,11589,11590,11592,11594,11595,11599,11600,11601,11602,11603,11604
908,11605
909,11606
910,11607,11610
911,11611,11612,11614,11617,11618,11619,11620,11622,11624,11627,11628,11633
912,11634,11635,11636,11637,11638,11639,11640,11641,11642,11643,11644,11645,11646,11647,11648,11650,11651,11652,11653,11654,11655,11656
913,11657,11658,11659,11660,11661,11663,11664,11667,11669,11670,11671,11672,11674,11675,11676,11677,11679,11680,11682,11683,11684,11685,11686,11687,11688,11689,11690,11691,11692,11693,11694,11696,11698,11699,11700,11701,11702,11703,11705,11707,11708,11709,11710,11712,11714,11716,11717,11718
914,11719,11724,11726,11731
915,11733,11734,11735,11736,11737,11738,11739,11740,11741,11742,11743,11744,11745,11746,11747,11748
916,11749
917,11750
918,11751,11752,11753,11754
919,11755,11772
920,11778,11781,11788,11791,11794,11795,11796
921,11801,11802,11803,11804,11806,11807,11808,11814,11817,11818,11820,11821,11822,11823,11825,11827,11828,11829,11830,11831,11832,11833,11835,11836,11837,11838,11839,11840,11841,11842,11843,11844,11846,11848,11850,11851,11852,11853,11854,11855,11856,11857,11860,11861,11862
922,11863,11864,11865,11866,11867,11868,11869,11870,11872,11873,11874,11875,11876
923,11877,11878,11881,11883,11885,11891
924,11893
925,11894
926,11895,11896,11897
927,11899,11901,11904,11905,11907,11910,11911,11912,11914,11915,11916,11920,11921
928,11922,11923,11927,11928,11929,11930,11931,11932,11933,11934,11935,11936,11937,11940,11941,11942,11944
929,11945,11946,11947,11948,11949,11950,11951,11952,11953,11954,11955,11956,11957,11958,11959,11960,11961,11963,11964,11965,11966,11967,11968,11969,11970,11971,11972,11973,11974,11975,11976,11977,11978,11979,11980,11981,11982,11983,11984,11985,11986,11987,11988,11989,11990,11991,11993,11994,11995,11996,11997,11999,12000,12001,12002,12003,12004,12005,12006
930,12007,12008,12009,12010,12011,12013,12014,12015,12016,12017,12018,12019,12020
931,12021,12022,12026,12028,12029,12031,12035
932,12037
933,12038
934,12039,12040,12041
935,12043,12044,12045,12046,12047,12048,12049,12050,12052,12053,12056,12058,12059,12060,12061,12062,12064,12065
936,12066,12068,12069,12072,12073,12074,12079,12080,12083,12085,12088
937,12089,12093,12094,12095,12097,12098,12100,12101,12102,12103,12104,12105,12106,12107,12108,12110,12112,12113,12114,12116,12117,12119,12120,12121,12122,12124,12125,12126,12127,12128,12129,12130,12131,12132,12133,12134,12135,12136,12137,12138,12139,12140,12141,12143,12146,12147,12148,12149
938,12151,12152,12159,12163
939,12165,12168,12169,12170,12178
940,12181
941,12182
942,12183,12184,12185
943,12187,12204
944,12210,12212,12214,12215,12217,12220,12221,12223,12224,12225,12227,12228,12229,12230,12231,12232
945,12233,12234,12235,12236,12237,12239,12241,12242,12245,12247,12248,12251,12252,12253,12254,12256,12257,12260,12262,12263,12265,12266,12267,12268,12271,12275,12278,12279,12281,12283,12284,12285,12286,12287,12288,12290,12291,12294
946,12295,12296,12299,12300,12301,12303,12305
947,12309,12310,12311,12312,12313,12316,12317,12319,12320,12322,12323,12324
948,12325
949,12326
950,12327,12328
951,12331,12332,12335,12337,12341,12346,12347,12352
952,12354,12355,12356,12358,12359,12360,12361,12362,12363,12364,12365,12366,12367,12368,12369,12370,12373,12374,12375,12376
953,12377,12379,12387,12388,12389,12390,12395,12396,12397,12398,12401,12404,12405,12407,12410,12411,12412,12420,12422,12425,12426,12431,12432,12436,12438
954,12439,12440,12441,12442,12443,12444,12445,12446,12447,12448,12449,12450,12451,12452
955,12453,12454,12456,12457,12459,12461,12463,12466,12468
956,12469
957,12470
958,12471,12472,12473,12474
959,12475,12476,12477,12483,12484,12487,12488,12492,12494,12495
960,12498,12499,12501,12502,12504,12506,12507,12509,12510,12516,12519
961,12521,12523,12524,12527,12528,12531,12533,12536,12542,12543,12548,12549,12550,12553,12559,12564,12568,12574,12577,12578,12580
962,12583,12584,12585,12586,12587,12588,12590,12591,12592,12593,12594,12595,12596
963,12597,12598,12599,12600,12601,12602,12603,12604,12605,12607,12608,12609,12610,12611
964,12613
965,12614
966,12615,12617
967,12619,12621,12622,12623,12624,12625,12627,12628,12629,12630,12633,12635,12637,12638,12640
968,12642,12643,12645,12648,12650,12652,12654,12655,12657,12658,12659,12660,12663,12664
969,12665,12666,12685,12688,12694,12698,12699,12700,12709,12712,12721,12723
970,12727,12728,12731,12737,12739,12740
971,12741,12744,12745,12746,12747,12748,12749,12751,12752,12754
972,12757
973,12758
974,12759,12760,12761
975,12763,12766,12769,12770,12775,12777,12778,12779,12780,12781
976,12786,12787,12788,12789,12791,12792,12793,12794,12795,12796,12797,12798,12799,12800,12801,12802,12803,12805,12808
977,12809,12812,12814,12815,12816,12817,12825,12828,12831,12834,12835,12836,12840,12843,12844,12845,12846,12847,12848,12854,12869,12870
978,12871,12872,12873,12874,12875,12877,12878,12879,12880,12881,12882,12883,12884
979,12885,12886,12887,12888,12891,12893,12894,12895,12897,12898,12899,12900
980,12901
981,12902
982,12903,12904,12905,12906
983,12907,12913,12919,12926,12927,12929
984,12930,12931,12932,12938,12939,12941,12942,12944,12945,12947,12948,12949,12950
985,12953,12954,12955,12956,12957,12958,12959,12960,12961,12962,12963,12965,12966,12967,12968,12969,12970,12971,12972,12973,12974,12976,12978,12979,12980,12981,12982,12983,12984,12985,12986,12988,12989,12990,12992,12993,12994,12995,12996,12998,12999,13000,13001,13002,13004,13005,13006,13007,13010,13011,13012,13013,13014
986,13015,13016,13019,13020,13021,13024,13026,13028
987,13029,13030,13031,13032,13033,13034,13035,13036,13038,13039,13040,13041,13043,13044
988,13045
989,13046
990,13047,13049,13050
991,13051,13056,13057,13059,13060,13062,13063,13065,13066,13068,13070,13071,13073
992,13074,13076,13082,13085,13087,13092
993,13097,13098,13100,13101,13102,13104,13106,13107,13108,13109,13110,13111,13112,13113,13114,13115,13117,13118,13119,13120,13121,13122,13124,13125,13127,13128,13129,13130,13131,13132,13133,13134,13135,13136,13137,13138,13139,13140,13141,13142,13143,13144,13145,13146,13147,13148,13150,13151,13152,13153,13154,13156,13157,13158
994,13159,13161,13164,13166,13172
995,13173,13175,13183,13185
996,13189
997,13190
998,13191,13193,13194
999,13195,13196,13197,13198,13199,13200,13201,13202,13203,13204,13205,13206,13207,13208,13209,13210,13211,13212,13213,13214,13215,13216,13217
1000,13218,13219,13220,13221,13222,13223,13224,13225,13226,13227,13228,13229,13230,13231,13232,13233,13234,13236,13237,13238,13239,13240
1001,13241,13242,13243,13263,13265,13271,13275,13279,13280,13284,13286,13291,13298,13299,13302
1002,13303,13304,13305,13307,13310,13311,13312,13313,13314,13315,13316
1003,13317,13318,13320,13321,13322,13324,13325,13326,13328,13329,13331
1004,13333
1005,13334
1006,13335,13336,13338
1007,13339,13341,13346,13347,13348,13349,13354,13356
1008,13362,13363,13365,13366,13367,13369,13370,13371,13372,13373,13374,13375,13377,13378,13379,13380,13381,13382
1009,13385,13386,13388,13389,13391,13392,13393,13396,13397,13398,13399,13406,13407,13408,13412,13414,13418,13420,13422,13425,13426,13427,13437,13438,13440,13445
1010,13447,13450,13460
1011,13461,13462,13463,13466,13467,13468,13469,13470,13471,13472,13473,13474,13476
1012,13477
1013,13478
1014,13479,13481,13482
1015,13483,13484,13486,13488,13489,13492,13493,13494,13495,13497,13498,13499,13500,13501,13503
1016,13506,13514,13518,13525
1017,13529,13530,13531,13532,13533,13534,13536,13537,13538,13539,13540,13542,13543,13544,13545,13546,13547,13549,13552,13553,13554,13556,13557,13558,13559,13561,13562,13563,13564,13565,13566,13567,13568,13569,13570,13571,13572,13573,13576,13577,13580,13581,13583,13587,13589,13590
1018,13591,13602,13604
1019,13605,13606,13608,13611,13612,13614,13617,13619,13620
1020,13621
1021,13622
1022,13623,13624,13625
1023,13627,13629,13634,13637,13642
1024,13650,13651,13652,13653,13654,13655,13656,13657,13659,13660,13661,13663,13664,13665,13667,13668,13670,13671
1025,13673,13675,13676,13681,13686,13687,13688,13690,13691,13696,13699,13700,13701,13704,13707,13708,13709,13710,13712,13717,13721,13722,13724,13726,13727,13728,13731,13734
1026,13735,13736,13737,13738,13740,13741,13742,13743,13744,13745,13746,13747
1027,13749,13754,13763
1028,13765
1029,13766
1030,13767,13768,13769,13770
1031,13771,13772,13773,13775,13776,13777,13778,13779,13780,13782,13783,13784,13785,13786,13788,13789,13790,13791,13792,13793
1032,13794,13795,13796,13797,13798,13799,13800,13801,13802,13803,13804,13805,13806,13807,13808,13810,13811,13812,13813,13814,13815,13816
1033,13817,13818,13819,13821,13822,13823,13824,13825,13826,13827,13828,13829,13830,13831,13832,13833,13834,13835,13836,13837,13838,13839,13841,13844,13845,13846,13847,13848,13849,13851,13852,13854,13855,13856,13857,13858,13859,13860,13862,13863,13864,13865,13866,13867,13868,13869,13870,13871,13872,13873,13874,13876
1034,13879,13880,13881,13882,13883,13884,13885,13886,13887,13888,13889,13890,13891,13892
1035,13893,13899,13900,13903,13905
1036,13909
1037,13910
1038,13911,13912,13914
1039,13915,13917,13925,13926,13927,13928,13930,13932,13933,13935
1040,13938,13940,13943,13944,13945,13947,13949,13952,13953,13954,13955,13956,13960
1041,13961,13962,13965,13967,13968,13969,13971,13974,13975,13976,13977,13978,13982,13984,13985,13987,13989,13990,13992,13996,13998,14001,14002,14003,14004,14005,14006,14007,14008,14009,14010,14011,14012,14015,14016,14017,14018,14019,14020,14022
1042,14023,14025,14026,14029,14031,14032,14033,14034,14035,14036
1043,14037,14038,14039,14040,14041,14043,14045,14046,14048,14049,14051
1044,14053
1045,14054
1046,14055,14056,14057,14058
1047,14059,14060,14061,14062,14063,14064,14065,14066,14068,14071,14072,14073,14074,14075,14078,14079,14080,14081
1048,14082,14083,14084,14085,14086,14087,14088,14089,14090,14091,14092,14093,14094,14095,14096,14097,14098,14099,14100,14101,14102,14103,14104
1049,14105,14113,14114,14115,14116,14117,14120,14124,14125,14129,14131,14132,14134,14141,14143,14147,14150,14151,14154,14161,14166
1050,14167,14168,14173,14175
1051,14181,14182,14189,14190,14191,14193,14195,14196
1052,14197
1053,14198
1054,14199,14201
1055,14203,14204,14205,14206,14207,14208,14212,14213,14214,14216,14217,14218,14219,14220,14221,14223,14224,14225
1056,14226,14235,14236,14242,14244,14247,14248
1057,14249,14250,14252,14253,14254,14255,14257,14261,14262,14263,14264,14265,14266,14267,14268,14269,14270,14271,14272,14273,14275,14276,14277,14278,14279,14280,14281,14282,14284,14285,14286,14287,14288,14290,14292,14293,14294,14295,14296,14297,14298,14299,14301,14302,14303,14304,14305,14307,14308,14309,14310
1058,14311,14313,14322
1059,14325,14331,14332,14335,14336,14339,14340
1060,14341
1061,14342
1062,14343,14344,14345,14346
1063,14347,14353,14354,14356,14362,14366,14368
1064,14370,14371,14372,14373,14374,14375,14378,14382,14385,14388,14389,14390,14391,14392
1065,14393,14397
1066,14455,14456,14457,14458,14459,14460,14461,14462,14463,14464,14465,14466,14467,14468
1067,14469,14470,14475,14476
1068,14485
1069,14486
1070,14487,14488
1071,14491,14494,14495,14502,14508,14509,14510,14513
1072,14514,14515,14516,14517,14518,14519,14521,14522,14524,14525,14529,14530,14531,14532,14533,14534,14535,14536
1073,14537,14540,14546,14553,14577,14587,14593,14598
1074,14599,14604,14607,14611
1075,14613,14621,14627
1076,14629
1077,14630
1078,14631,14632,14633,14634
1079,14635,14636,14639,14640,14641,14642,14643,14644,14646,14647,14648,14649,14650,14651,14652,14653,14654,14656,14657
1080,14658,14662,14663,14664,14665,14666,14670,14673,14674,14676,14677,14678,14679
1081,14681,14682,14685,14686,14689,14690,14693,14697,14702,14703,14704,14705,14706,14708,14709,14710,14714,14715,14716,14721,14726,14728,14730,14734,14738,14740
1082,14743,14744,14746,14747,14748,14749,14750,14752,14753,14754,14755
1083,14757,14761,14762,14763,14764,14766,14767,14768,14771,14772
1084,14773
1085,14774
1086,14775,14777
1087,14779,14790,14792,14799
1088,14802,14803,14805,14806,14808,14809,14810,14811,14812,14814,14815,14818,14819,14820,14822,14824
1089,14825,14855,14879
1090,14887,14888,14889,14890,14891,14892,14893,14895,14896,14897,14899
1091,14901,14903,14904,14905,14909,14910,14911,14912,14914,14915,14916
1092,14917
1093,14918
1094,14919,14920,14922
1095,14923,14928,14938,14943
1096,14946,14957,14960
1097,14969,14977,14988,14993,15002,15013,15015
1098,15031,15032,15034,15039,15042,15044
1099,15045,15046,15047,15048,15049,15050,15051,15052,15053,15054,15055,15056,15057,15058,15059,15060
1100,15061
1101,15062
1102,15063,15064,15066
1103,15067,15069,15071,15073,15074,15075,15076,15077,15078,15079,15080,15082,15083,15084,15085,15086,15088,15089
1104,15090,15091,15092,15100,15104,15112
1105,15113,15114,15115,15116,15117,15118,15119,15120,15121,15122,15123,15124,15125,15126,15127,15128,15129,15130,15131,15132,15133,15134,15135,15136,15137,15138,15139,15140,15141,15142,15143,15144,15145,15146,15147,15148,15149,15150,15151,15152,15153,15154,15155,15156,15157,15158,15159,15160,15161,15162,15163,15164,15165,15166,15167,15168,15169,15170,15171,15172,15173,15174
1106,15175,15177,15178,15180,15182,15183,15184,15187,15188
1107,15189,15190,15192,15194,15195,15196,15197,15199,15200,15202,15204
1108,15205
1109,15206
1110,15207,15209,15210
1111,15211,15213,15227,15230,15231,15233
1112,15234,15242,15244,15245,15249,15250,15251,15252,15254,15255,15256
1113,15257,15259,15260,15261,15262,15263,15264,15265,15267,15268,15270,15274,15275,15276,15278,15281,15284,15285,15286,15288,15289,15290,15292,15293,15295,15296,15297,15298,15299,15300,15302,15303,15304,15305,15306,15307,15308,15312,15313,15315,15316,15317
1114,15319,15321,15322,15325,15327,15329
1115,15333,15334,15335,15336,15339,15341,15342,15343,15344,15348
1116,15349
1117,15350
1118,15351,15354
1119,15355,15358,15359,15360,15361,15362,15365,15366,15368,15370,15372,15373,15375
1120,15378,15379,15380,15381,15382,15383,15384,15385,15386,15387,15388,15389,15390,15391,15393,15395,15396,15397,15398,15399,15400
1121,15401,15404,15409,15410,15414,15415,15416,15421,15422,15423,15425,15433,15437,15438,15439,15440,15441,15451,15458
1122,15463,15464,15468,15475
1123,15477,15478,15479,15481,15482,15483,15486,15487,15488,15489,15490,15491,15492
1124,15493
1125,15494
1126,15495,15496,15497,15498
1127,15499,15504,15506,15509,15510,15511,15513,15515,15516,15518,15519,15520,15521
1128,15522,15525,15528,15531,15533
1129,15545,15546,15552,15554,15555,15557,15558,15559,15560,15561,15562,15565,15566,15567,15568,15569,15574,15578,15579,15580,15581,15582,15583,15584,15585,15586,15587,15588,15589,15592,15593,15595,15596,15597,15600,15603
1130,15607,15608,15609,15611,15613
1131,15621,15623,15625,15626,15627,15628,15629,15630,15631,15632,15633,15634,15635,15636
1132,15637
1133,15638
1134,15639,15640,15641,15642
1135,15643,15647,15648,15649,15650,15653,15655,15659,15660,15661,15662,15663,15664,15665
1136,15666,15667,15668,15669,15670,15671,15673,15674,15675,15676,15677,15678,15679,15680,15682,15683,15684,15685,15686,15687
1137,15689,15690,15691,15693,15694,15695,15696,15697,15698,15699,15700,15701,15702,15703,15704,15705,15706,15708,15709,15711,15712,15714,15715,15718,15719,15720,15721,15722,15723,15724,15725,15726,15727,15728,15729,15730,15731,15732,15733,15734,15735,15736,15737,15738,15739,15740,15741,15742,15743,15744,15745,15746,15747,15748,15750
1138,15751,15755,15757,15760,15761
1139,15765,15767,15768,15769,15770,15772,15773,15774,15775,15776,15777,15778,15779
1140,15781
1141,15782
1142,15783,15784,15786
1143,15787,15792,15798,15805
1144,15810,15811,15812,15813,15814,15815,15816,15817,15818,15819,15820,15821,15822,15823,15824,15825,15826,15827,15828,15829,15830,15831,15832
1145,15833,15834,15835,15836,15837,15838,15839,15840,15841,15842,15843,15844,15845,15846,15847,15848,15849,15850,15851,15852,15853,15854,15855,15856,15857,15858,15859,15860,15861,15862,15863,15864,15865,15866,15867,15868,15869,15870,15871,15872,15873,15874,15875,15876,15877,15878,15879,15880,15881,15882,15883,15884,15885,15886,15887,15888,15889,15890,15891,15892,15893,15894
1146,15895,15896,15898,15899,15900,15901,15902,15904,15905,15908
1147,15909,15910,15912,15913,15914,15915,15916,15917,15918,15920,15922,15923,15924
1148,15925
1149,15926
1150,15927
1151,15931,15933,15937,15940,15943,15950
1152,15954,15955,15956,15957,15958,15959,15960,15961,15962,15963,15965,15967,15968,15970,15972,15973,15974,15975,15976
1153,15977,15978,15979,15983,15985,15986,15988,15989,15991,15992,15993,15994,15995,15997,15999,16000,16002,16003,16005,16006,16007,16008,16009,16011,16012,16013,16014,16018,16019,16020,16021,16022,16023,16024,16026,16027,16028,16029,16031,16032,16033,16036,16037
1154,16039,16045,16047,16050
1155,16053,16057,16058,16061,16062,16063,16066,16068
1156,16069
1157,16070
1158,16071,16073,16074
1159,16075,16078,16080,16081,16082,16084,16086,16088,16090,16093,16095
1160,16098,16101,16112,16115,16116,16117,16118,16119,16120
1161,16121,16123,16127,16128,16129,16130,16131,16134,16135,16136,16141,16143,16151,16153,16156,16158,16159,16161,16164,16167,16168,16169,16170,16175,16178,16180,16181
1162,16183,16184,16189,16193,16194,16195
1163,16197,16198,16200,16201,16202,16205,16206,16210
1164,16213
1165,16214
1166,16215,16217,16218
1167,16219,16220,16221,16222,16224,16226,16227,16228,16229,16231,16232,16233,16234,16235,16236,16237,16239,16240,16241
1168,16242,16243,16246
1169,16265,16268,16270,16271,16274,16275,16277,16278,16279,16281,16282,16285,16287,16289,16290,16291,16293,16297,16298,16300,16302,16305,16306,16309,16310,16315,16316,16317,16318,16321,16323,16326
1170,16327,16329,16330,16331,16332,16333,16334,16338,16340
1171,16341,16342,16343,16344,16345,16346,16347,16348,16349,16351,16352,16353,16354,16355,16356
1172,16357
1173,16358
1174,16359,16361
1175,16363,16364,16365,16366,16367,16368,16369,16370,16371,16372,16373,16374,16375,16377,16378,16379,16380,16381,16382,16383,16384,16385
1176,16386,16387,16388,16389,16391,16395,16397,16399,16400,16401,16402,16403,16404,16405,16406,16408
1177,16409,16415,16416,16431,16453
1178,16471,16472,16473,16474,16476,16482,16483,16484
1179,16485,16487
1180,16501
1181,16502
1182,16503,16504,16505,16506
1183,16507,16512,16513,16514,16515,16517,16518,16523,16524,16527,16529
1184,16530,16532,16534,16535,16536,16537,16538,16541,16542,16543,16546,16550
1185,16553,16560,16570,16571,16577,16580,16581,16590,16594,16601,16604,16606
1186,16615,16616,16617,16618,16619,16620,16621,16622,16623,16624,16625,16626,16627,16628
1187,16629,16630,16633,16634,16635,16636,16637,16638,16640,16641,16644
1188,16645
1189,16646
1190,16647,16648,16649,16650
1191,16651,16653,16654,16655,16656,16657,16658,16659,16660,16661,16663,16664,16665,16666,16667,16668,16670,16671,16672
1192,16674,16679,16691,16693
1193,16697,16698,16701,16705,16708,16709,16714,16715,16716,16722,16723,16724,16729,16731,16733,16734,16735,16737,16739,16740,16742,16743,16744,16745,16746,16747,16748,16750,16751,16752,16753
1194,16759,16760,16761,16762,16763,16764,16766,16767,16768,16769,16770
1195,16773,16775,16776,16777,16778,16779,16780,16781,16782,16784,16785,16786,16787,16788
1196,16789
1197,16790
1198,16791,16794
1199,16795,16797,16799,16801,16804,16806,16807,16811,16812,16814,16815,16816
1200,16818,16821,16823,16825,16829,16831,16832,16836,16837,16840
1201,16841,16843,16846,16852,16857,16858,16868,16869,16871,16874,16878,16889,16896,16899
1202,16903,16906,16911,16912
1203,16917,16928,16929
1204,16933
1205,16934
1206,16935,16936,16938
1207,16939,16940,16941,16942,16943,16944,16945,16947,16948,16949,16950,16952,16953,16954,16955,16956,16957,16958,16959,16960,16961
1208,16962,16965,16967,16968,16970,16974,16975,16976,16977,16979,16981
1209,16985,16988,16995,16996,16999,17001,17002,17005,17006,17007,17008,17010,17011,17015,17017,17018,17023,17024,17026,17030,17032,17038,17039,17040,17041,17043,17044,17046
1210,17047,17049
1211,17061,17062,17063,17065,17066,17067,17069,17072,17073,17074,17075,17076
1212,17077
1213,17078
1214,17079,17080,17081,17082
1215,17083,17086,17088,17089,17091,17092,17093,17095,17096,17097,17099,17100,17102,17103,17104,17105
1216,17106,17107,17110,17111
1217,17129,17131,17134,17137,17138,17140,17142,17143,17145,17147,17148,17149,17150,17153,17157,17159,17165,17167,17169,17171,17172,17173,17175,17178,17180,17181,17182,17184,17187,17188,17190
1218,17191,17195,17196,17200,17202
1219,17205,17206,17207,17208,17209,17210,17211,17212,17214,17216,17217
1220,17221
1221,17222
1222,17223,17225,17226
1223,17227,17228,17230,17234,17235,17244,17248
1224,17250,17251,17253,17254,17255,17256,17257,17258,17260,17261,17262,17263,17264,17265,17266,17268,17269,17270,17272
1225,17273,17275,17276,17277,17279,17280,17282,17283,17284,17286,17287,17288,17289,17290,17291,17292,17293,17295,17296,17297,17298,17299,17300,17301,17302,17303,17304,17306,17307,17308,17310,17311,17312,17313,17314,17315,17316,17317,17318,17319,17320,17321,17322,17323,17324,17325,17326,17327,17328,17329,17330,17331,17332,17334
1226,17335,17336,17340,17341,17343,17344,17345,17346,17347
1227,17349,17350,17351,17352,17353,17355,17357,17358,17360,17361,17362,17363,17364
1228,17365
1229,17366
1230,17367,17368,17369,17370
1231,17371,17372,17373,17377,17378,17379,17380,17381,17382,17383,17384,17386,17388,17389,17390,17391,17392,17393
1232,17394,17396,17397,17399,17400,17402,17404,17406,17410,17411,17412,17414,17415,17416
1233,17417,17418,17419,17420,17421,17423,17425,17426,17428,17429,17431,17432,17433,17434,17435,17437,17439,17440,17441,17442,17445,17446,17447,17449,17451,17454,17456,17457,17458,17459,17462,17464,17466,17467,17468,17470,17471,17475,17477,17478
1234,17479,17480,17481,17482,17483,17488,17489,17490,17491,17492
1235,17493,17494,17495,17497,17499,17500,17501,17502,17503,17504,17505,17506,17507,17508
1236,17509
1237,17510
1238,17511,17513
1239,17515,17516,17517,17518,17519,17520,17521,17522,17523,17524,17525,17526,17527,17528,17529,17530,17531,17532,17533,17534,17535,17536,17537
1240,17538,17539,17540,17543,17548,17553,17555,17556,17557,17558,17560
1241,17561,17571,17572,17573,17574,17584,17586,17588,17589,17591,17593,17596,17600,17606,17609,17612,17618,17621
1242,17623,17624,17625,17626,17627,17629,17630,17631,17632,17634,17636
1243,17637,17638,17647,17649,17650
1244,17653
1245,17654
1246,17655,17656,17657,17658
1247,17659,17677
1248,17682,17684,17685,17687,17688,17690,17691,17692,17693,17695,17697,17699,17700,17701,17702,17703,17704
1249,17705,17706,17707,17708,17710,17711,17712,17714,17715,17716,17719,17721,17722,17723,17724,17725,17726,17727,17729,17730,17731,17732,17734,17735,17737,17738,17740,17742,17743,17744,17745,17750,17751,17752,17753,17754,17755,17756,17757,17758,17759,17760,17763,17765,17766
1250,17767,17773,17776,17780
1251,17781,17782,17784,17794
1252,17797
1253,17798
1254,17799,17801
1255,17803,17821
1256,17826,17827,17828,17829,17830,17831,17835,17838,17839,17840,17842,17843,17844,17845,17846,17847
1257,17849,17852,17855,17856,17857,17859,17860,17862,17863,17864,17866,17867,17871,17875,17876,17881,17886,17887,17888,17889,17891,17894,17896,17901,17902,17903,17904,17906,17907,17908,17910
1258,17911,17913,17916,17919,17921,17922,17924
1259,17925,17926,17928,17929,17930,17936
1260,17941
1261,17942
1262,17943,17944
1263,17947,17948,17949,17951,17952,17953,17954,17955,17958,17959,17960,17966,17968
1264,17970,17971,17972,17973,17975,17976,17977,17978,17979,17980,17981,17982,17984,17985,17986,17988,17989
1265,17993,17997,17999,18005,18008,18009,18011,18013,18016,18020,18021,18023,18029,18037,18038,18042,18043,18046,18050
1266,18055,18056,18057,18059,18060,18062,18065,18066
1267,18069,18073,18077,18079
1268,18085
1269,18086
1270,18087,18089
1271,18091,18100,18101,18102,18105,18107,18109
1272,18114,18128,18135
1273,18137,18141,18145,18147,18149,18153,18154,18157,18166,18168,18179,18183,18190,18191,18193,18195
1274,18199,18200,18201,18202,18203,18204,18208,18209,18210,18211
1275,18213,18214,18215,18216,18217,18218,18219,18220,18221,18222,18223,18227,18228
